 4804444233600 
 4804488772182 
 4804488782676 
 4806009424953 
 4806009451617 
 4807496076471 
 4807496095776 
 4808974083375 
 4808974106970 
 4810442171667 
 4810442190081 
 4811917390368 
 4811917409178 
 4813388570034 
 4813388673918 
 4814861740821 
 4814861761314 
 4816333756410 
 4816333775979 
 4817801835198 
 4817801854437 
 4819270518282 
 4819270537521 
 4820739479094 
 4820739496452 
 4822209026811 
 4822209048327 
 4823679556047 
 4823679577299 
 4825145895966 
 4825145915139 
 4826615571723 
 4826615590302 
 4828082978334 
 4828083000048 
 4829553474504 
 4829553488364 
 4831021496169 
 4831021536363 
 4832490203739 
 4832490225618 
 4833958969092 
 4833958980972 
 4835425073094 
 4835425092102 
 4836893215308 
 4836893228343 
 4838359909284 
 4838359928919 
 4839827821059 
 4839827840595 
 4841299079529 
 4841299099362 
 4842769701000 
 4842769714629 
 4844236846647 
 4844236867668 
 4845704332689 
 4845704352951 
 4847179604487 
 4847179627521 
 4848646769835 
 4848646789404 
 4850118465786 
 4850118485058 
 4851586035054 
 4851586053963 
 4853059315797 
 4853059334178 
 4854527026767 
 4854527050527 
 4855998361335 
 4855998381465 
 4857467117250 
 4857467131011 
 4858937792016 
 4858937811816 
 4860406960200 
 4860406972245 
 4861877771916 
 4861877787162 
 4863347207565 
 4863347227464 
 4864817577180 
 4864817599950 
 4866286880895 
 4866286920990 
 4867755203454 
 4867755212892 
 4869223529676 
 4869223538421 
 4870692937275 
 4870692948891 
 4872161293395 
 4872161304120 
 4873631671425 
 4873631682117 
 4875101696388 
 4875101716485 
 4876574112300 
 4876574134245 
 4878042979458 
 4878042993681 
 4879513235256 
 4879513249017 
 4880986231506 
 4880986256421 
 4882450823382 
 4882450839057 
 4883921768352 
 4883921786337 
 4885390382136 
 4885390421802 
 4886859509928 
 4886859530091 
 4888335964281 
 4888335998139 
 4889803745640 
 4889803764285 
 4891275462777 
 4891275484590 
 4892744931492 
 4892744950500 
 4894213678563 
 4894213697802 
 4895682961224 
 4895682981816 
 4897152525408 
 4897152542403 
 4898623352799 
 4898623388637 
 4900092969519 
 4900092988923 
 4901561672931 
 4901561692137 
 4903033726800 
 4903033746006 
 4904502917919 
 4904502936003 
 4905974151936 
 4905974170416 
 4907444669985 
 4907444700312 
 4908914812989 
 4908914966967 
 4910385972657 
 4910385982425 
 4911855896211 
 4911855919905 
 4913326729179 
 4913326747758 
 4914795492486 
 4914795520866 
 4916268061056 
 4916268082605 
 4917738327381 
 4917738344904 
 4919208128142 
 4919208153750 
 4920678315630 
 4920678336057 
 4922148961158 
 4922148979143 
 4923617394036 
 4923617411625 
 4925088040785 
 4925088081045 
 4926561198306 
 4926561218106 
 4928029169415 
 4928029195881 
 4929500703171 
 4929500723235 
 4930971117072 
 4930971136674 
 4932442465698 
 4932442482165 
 4933913313417 
 4933913337672 
 4935383802789 
 4935383823447 
 4936853802705 
 4936853830524 
 4938324671181 
 4938324701871 
 4939794273513 
 4939794308097 
 4941266499543 
 4941266536074 
 4942735518402 
 4942735538301 
 4944206869338 
 4944206887686 
 4945677085866 
 4945677123156 
 4947148512438 
 4947148531215 
 4948617200637 
 4948617215322 
 4950088957176 
 4950088978296 
 4951558773249 
 4951558792125 
 4953029888466 
 4953029906682 
 4954499554818 
 4954499572440 
 4955969589945 
 4955969627202 
 4957438777038 
 4957438797135 
 4958908982412 
 4958909001354 
 4960378319160 
 4960378340511 
 4961849775300 
 4961849797641 
 4963320228636 
 4963320246753 
 4964791731801 
 4964791750512 
 4966261342119 
 4966261361886 
 4967732553663 
 4967732572737 
 4969202079666 
 4969202099268 
 4970673106014 
 4970673140334 
 4972143090057 
 4972143111045 
 4973614247910 
 4973614265631 
 4975083651252 
 4975083671910 
 4976554952226 
 4976554970409 
 4978024608546 
 4978024626927 
 4979495693469 
 4979495712576 
 4980967029159 
 4980967062984 
 4982435842296 
 4982435859291 
 4983904819839 
 4983904838616 
 4985376280500 
 4985376299343 
 4986845615499 
 4986845634375 
 4988317928649 
 4988317952970 
 4989786252099 
 4989786272196 
 4991257932309 
 4991257957125 
 4992727130655 
 4992727169694 
 4994198751333 
 4994198768625 
 4995669164046 
 4995669196914 
 4997139975531 
 4997140006947 
 4998610009206 
 4998610029501 
 5000080892796 
 5000080911705 
 5001550306995 
 5001550324848 
 5003021498013 
 5003021516658 
 5004492440805 
 5004492457833 
 5005962010401 
 5005962031224 
 5007431296626 
 5007431317581 
 5008902925488 
 5008902945882 
 5010371994408 
 5010372014010 
 5011843941786 
 5011843978449 
 5013312364665 
 5013312386247 
 5014782854301 
 5014782872352 
 5016251128581 
 5016251144355 
 5017722947787 
 5017722966003 
 5019191853555 
 5019191873025 
 5020664590656 
 5020664607849 
 5022131282454 
 5022131302815 
 5023601378796 
 5023601398002 
 5025070238628 
 5025070259088 
 5026540933029 
 5026540953390 
 5028010232883 
 5028010252155 
 5029482962592 
 5029482980775 
 5030950159092 
 5030950180146 
 5032420614738 
 5032420633812 
 5033888706627 
 5033888715306 
 5035360027599 
 5035360048158 
 5036828898453 
 5036828929440 
 5038300505304 
 5038300528833 
 5039768618148 
 5039768651049 
 5041239204870 
 5041239222657 
 5042708124333 
 5042708146014 
 5044178268657 
 5044178286378 
 5045647167297 
 5045647187130 
 5047117752006 
 5047117770948 
 5048588009586 
 5048588028165 
 5050057492227 
 5050057823019 
 5051525714796 
 5051525745750 
 5052996900765 
 5052996930168 
 5054465870322 
 5054465890881 
 5055936361542 
 5055936393981 
 5057404953348 
 5057404972191 
 5058874867134 
 5058874885482 
 5060343738582 
 5060343758943 
 5061813901617 
 5061813930327 
 5063283414288 
 5063283433461 
 5064753938244 
 5064753960222 
 5066224174935 
 5066224197408 
 5067693229368 
 5067693249069 
 5069162451441 
 5069162470944 
 5070632278239 
 5070632311833 
 5072101208724 
 5072101229712 
 5073571469109 
 5073571501383 
 5075040684450 
 5075040703260 
 5076510041262 
 5076510063900 
 5077979627853 
 5077979646498 
 5079448743303 
 5079448762806 
 5080917566802 
 5080917586173 
 5082388069341 
 5082388099635 
 5083857079356 
 5083857101499 
 5085327892689 
 5085327912588 
 5086798889733 
 5086798907289 
 5088267615189 
 5088267634098 
 5089735932864 
 5089735951542 
 5091206230473 
 5091206274330 
 5092674961374 
 5092674980910 
 5094144846648 
 5094144866547 
 5095615552236 
 5095615573587 
 5097084772263 
 5097084790809 
 5098553717433 
 5098553736474 
 5100023319369 
 5100023340390 
 5101492273152 
 5101492293414 
 5102962566636 
 5102962584819 
 5104429982421 
 5104430105379 
 5105900863470 
 5105900882643 
 5107368925989 
 5107368963411 
 5108838236997 
 5108838258414 
 5110307489001 
 5110307508339 
 5111776436613 
 5111776455819 
 5113245309810 
 5113245348222 
 5114715458655 
 5114715476772 
 5116183563480 
 5116183612122 
 5117652598509 
 5117652615801 
 5119120314000 
 5119120334163 
 5120591343384 
 5120591368959 
 5122058828403 
 5122058866551 
 5123529412914 
 5123529431790 
 5124998433390 
 5124998464179 
 5126468646519 
 5126468682588 
 5127939343395 
 5127939364317 
 5129407567185 
 5129407601307 
 5130876056889 
 5130876075930 
 5132346417627 
 5132346435249 
 5133814616007 
 5133814634553 
 5135283878241 
 5135283895368 
 5136753852219 
 5136753888651 
 5138225590047 
 5138225603379 
 5139693384441 
 5139693402195 
 5141164539357 
 5141164557276 
 5142633690117 
 5142633723579 
 5144104534173 
 5144104554864 
 5145573501288 
 5145573522606 
 5147044412961 
 5147044447050 
 5148513462312 
 5148513482145 
 5149984110579 
 5149984130181 
 5151453497289 
 5151453516528 
 5152923908418 
 5152923928482 
 5154393000834 
 5154393021591 
 5155863431235 
 5155863449583 
 5157331183290 
 5157331200813 
 5158802520465 
 5158802539968 
 5160270863847 
 5160270973308 
 5161740877095 
 5161740910590 
 5163209557473 
 5163209577570 
 5164681306752 
 5164681323780 
 5166147995151 
 5166148013565 
 5167617861219 
 5167617880458 
 5169086648814 
 5169086690031 
 5170556881446 
 5170556901180 
 5172025468071 
 5172025486056 
 5173495343181 
 5173495362222 
 5174965284951 
 5174965305741 
 5176435133991 
 5176435152768 
 5177903764209 
 5177903883438 
 5179374244341 
 5179374263283 
 5180841969996 
 5180842009794 
 5182312270344 
 5182312289781 
 5183781262770 
 5183781303327 
 5185250118576 
 5185250136759 
 5186719872939 
 5186719891485 
 5188189093329 
 5188189112535 
 5189657942436 
 5189657962566 
 5191128280701 
 5191128313041 
 5192597365197 
 5192597387472 
 5194067876415 
 5194067904696 
 5195537049549 
 5195537067468 
 5197007382468 
 5197007408406 
 5198476564248 
 5198476582200 
 5199946839912 
 5199946859217 
 5201415487191 
 5201415507519 
 5202886239078 
 5202886259076 
 5204356521045 
 5204356547181 
 5205827004807 
 5205827107536 
 5207295348783 
 5207295366867 
 5208766109019 
 5208766129182 
 5210235413823 
 5210235438936 
 5211704511618 
 5211704525676 
 5213175120219 
 5213175154770 
 5214647069742 
 5214647082447 
 5216115896409 
 5216115942642 
 5217587056308 
 5217587077329 
 5219056736355 
 5219056762590 
 5220527525631 
 5220527563053 
 5221998670911 
 5221998688665 
 5223466377294 
 5223466393068 
 5224936125585 
 5224936148355 
 5226406899483 
 5226406920603 
 5227875726348 
 5227875746346 
 5229346797906 
 5229346820247 
 5230816673742 
 5230816698459 
 5232286527072 
 5232286556178 
 5233756076736 
 5233756097064 
 5235227291019 
 5235227324877 
 5236696569951 
 5236696607637 
 5238168730872 
 5238168751596 
 5239637179227 
 5239637200842 
 5241108027078 
 5241108046812 
 5242577622315 
 5242577642610 
 5244048000378 
 5244048019551 
 5245518070518 
 5245518111174 
 5246991362745 
 5246991380268 
 5248459036029 
 5248459058799 
 5249929436070 
 5249929454550 
 5251398802056 
 5251398819843 
 5252869834971 
 5252869869456 
 5254338977382 
 5254338996918 
 5255810414877 
 5255810432268 
 5257279408854 
 5257279427202 
 5258749741344 
 5258749762365 
 5260220401161 
 5260220431257 
 5261691320622 
 5261691343293 
 5263162100031 
 5263162155735 
 5264632136082 
 5264632171491 
 5266101877674 
 5266101895329 
 5267572789644 
 5267572807233 
 5269042722966 
 5269042741050 
 5270513515047 
 5270513535144 
 5271983512521 
 5271983530275 
 5273454038028 
 5273454056739 
 5274924325275 
 5274924343194 
 5276395375416 
 5276395394193 
 5277865177794 
 5277865196538 
 5279335907802 
 5279335941924 
 5280804887160 
 5280804908214 
 5282275392636 
 5282275413129 
 5283744678135 
 5283744697209 
 5285215643961 
 5285215681878 
 5286685094394 
 5286685113897 
 5288156801334 
 5288156821596 
 5289625746603 
 5289625765149 
 5291096433777 
 5291096453610 
 5292565628031 
 5292565647402 
 5294036337051 
 5294036363715 
 5295507074253 
 5295507090324 
 5296977647412 
 5296977685164 
 5298447056265 
 5298447093159 
 5299918080831 
 5299918098849 
 5301387730650 
 5301387846447 
 5302858210683 
 5302858232364 
 5304327571092 
 5304327589836 
 5305798989744 
 5305799008191 
 5307268162779 
 5307268181127 
 5308739899386 
 5308739920770 
 5310209315631 
 5310209334309 
 5311681916013 
 5311681937199 
 5313149603553 
 5313149621373 
 5314620603930 
 5314620621486 
 5316089729181 
 5316089750466 
 5317560786681 
 5317560804171 
 5319030659481 
 5319030678456 
 5320501325007 
 5320501343883 
 5321970227112 
 5321970244074 
 5323440569997 
 5323440588972 
 5324908472895 
 5324908490286 
 5326380724863 
 5326380743145 
 5327848040823 
 5327848060392 
 5329316373150 
 5329316390739 
 5330784178566 
 5330784197673 
 5332254552669 
 5332254571116 
 5333721643338 
 5333721661125 
 5335191946821 
 5335191968040 
 5336658792531 
 5336658812397 
 5338127159970 
 5338127179605 
 5339596400556 
 5339596419432 
 5341065042093 
 5341065061959 
 5342533438704 
 5342533457778 
 5344002160431 
 5344002177063 
 5345471162262 
 5345471198100 
 5346939607812 
 5346939626655 
 5348407418640 
 5348407436163 
 5349875793042 
 5349875813370 
 5351343992940 
 5351344013334 
 5352813668697 
 5352813687903 
 5354281946772 
 5354281970136 
 5355753900585 
 5355753926226 
 5357220189321 
 5357220220539 
 5358690208575 
 5358690234051 
 5360158466685 
 5360158506648 
 5361628062582 
 5361628094757 
 5363097488265 
 5363097508395 
 5364568045419 
 5364568065549 
 5366036538654 
 5366036556144 
 5367505724724 
 5367505762377 
 5368973966565 
 5368973986002 
 5370444852663 
 5370444874080 
 5371913970555 
 5371913990817 
 5373384076962 
 5373384096993 
 5374852809348 
 5374852827531 
 5376324656472 
 5376324673797 
 5377790194161 
 5377790212377 
 5379258708582 
 5379258729306 
 5380725701901 
 5380725722097 
 5382193766466 
 5382193793361 
 5383660641282 
 5383660659069 
 5385128324664 
 5385128348127 
 5386595345373 
 5386595364447 
 5388063447723 
 5388063481086 
 5389530555618 
 5389530581886 
 5390998729941 
 5390998750137 
 5392466115597 
 5392466138433 
 5393934353841 
 5393934373014 
 5395403000823 
 5395403022570 
 5396870430699 
 5396870449542 
 5398338958485 
 5398338995841 
 5399807461917 
 5399807480694 
 5401274765106 
 5401274790054 
 5402741776113 
 5402741795847 
 5404210353333 
 5404210373067 
 5405677317414 
 5405677344672 
 5407142841870 
 5407142855796 
 5408609938248 
 5408609950656 
 5410074466896 
 5410074482703 
 5411543267196 
 5411543287062 
 5413017241434 
 5413017255459 
 5414478883473 
 5414478905055 
 5415951664860 
 5415951698124 
 5417418126813 
 5417418147009 
 5418883654503 
 5418883662654 
 5420354577858 
 5420354621814 
 5421820376907 
 5421820394331 
 5423290040586 
 5423290059495 
 5424755839833 
 5424755861184 
 5426223788502 
 5426223801108 
 5427690047703 
 5427690065655 
 5429159124015 
 5429159142990 
 5430624712524 
 5430624748296 
 5432092702443 
 5432092722408 
 5433558574785 
 5433558591582 
 5435026327005 
 5435026346706 
 5436492584292 
 5436492620559 
 5437960437657 
 5437960462374 
 5439426301848 
 5439426314421 
 5440896120891 
 5440896141219 
 5442364276206 
 5442364293663 
 5443830274839 
 5443830306057 
 5445298981254 
 5445299000757 
 5446767745815 
 5446767788979 
 5448235246938 
 5448235266177 
 5449702855509 
 5449702875276 
 5451170076264 
 5451170095767 
 5452636499343 
 5452636518714 
 5454102941133 
 5454102961296 
 5455569203931 
 5455569223401 
 5457035872200 
 5457035891406 
 5458503110115 
 5458503137406 
 5459970584244 
 5459970602856 
 5461437444771 
 5461437464241 
 5462904400041 
 5462904419676 
 5464371173712 
 5464371192093 
 5465838139377 
 5465838158682 
 5467306196319 
 5467306227141 
 5468772525645 
 5468772549999 
 5470239420030 
 5470239435903 
 5471705312304 
 5471705347053 
 5473172809236 
 5473172834811 
 5474639763879 
 5474639782953 
 5476107696081 
 5476107713769 
 5477574757182 
 5477574774210 
 5479041602925 
 5479041627807 
 5480509669734 
 5480509689369 
 5481975918078 
 5481975935799 
 5483443088244 
 5483443117911 
 5484909108492 
 5484909117303 
 5486377695051 
 5486377714884 
 5487843627783 
 5487843640059 
 5489311098480 
 5489311113792 
 5490778919406 
 5490778943265 
 5492246437920 
 5492246476101 
 5493713395632 
 5493713413815 
 5495181336678 
 5495181358524 
 5496648191364 
 5496648210207 
 5498115362190 
 5498115392781 
 5499582848430 
 5499582869319 
 5501051781357 
 5501051802081 
 5502520659834 
 5502520676730 
 5503985641242 
 5503985662857 
 5505454474245 
 5505454504275 
 5506921871847 
 5506921901910 
 5508389636838 
 5508389656671 
 5509857765918 
 5509857800040 
 5511326003502 
 5511326023038 
 5512794350514 
 5512794369291 
 5514263606577 
 5514263628192 
 5515730918544 
 5515730934516 
 5517200869785 
 5517200905062 
 5518671255867 
 5518671273456 
 5520138988056 
 5520139007394 
 5521606840695 
 5521606860264 
 5523076040196 
 5523076062273 
 5524543886928 
 5524543905507 
 5526013265157 
 5526013284429 
 5527481354439 
 5527481371962 
 5528950432929 
 5528950451145 
 5530418274645 
 5530418294940 
 5531889329604 
 5531889346401 
 5533354966194 
 5533354986060 
 5534824588194 
 5534824605618 
 5536292620188 
 5536292649063 
 5537761947366 
