 3987890913369 
 3987902804919 
 3987902818251 
 3987913567440 
 3987913572390 
 3988043728251 
 3988043734653 
 3988175344197 
 3988175351820 
 3988306914702 
 3988306920840 
 3988428335100 
 3988428340083 
 3988541034522 
 3988541040000 
 3988652050284 
 3988652055333 
 3988765635162 
 3988765640079 
 3988881805227 
 3988881816942 
 3988994444655 
 3988994455908 
 3989107448469 
 3989107460646 
 3989222233128 
 3989222244348 
 3989333751117 
 3989333762205 
 3989447353848 
 3989447369523 
 3989558206062 
 3989558222001 
 3989672752923 
 3989672764539 
 3989786207319 
 3989786221476 
 3989897693760 
 3989897706168 
 3990011805054 
 3990011816868 
 3990126238131 
 3990126253047 
 3990236725530 
 3990236740974 
 3990351685749 
 3990351715482 
 3990463504995 
 3990463516479 
 3990575904084 
 3990575921607 
 3990688950468 
 3990688964757 
 3990802996752 
 3990803011668 
 3990914868402 
 3990914879985 
 3991028852976 
 3991028864625 
 3991142383074 
 3991142400729 
 3991260611250 
 3991260623295 
 3991376671986 
 3991376687232 
 3991496151918 
 3991496179440 
 3991613010198 
 3991613024883 
 3991727347443 
 3991727363514 
 3991841439003 
 3991841449530 
 3991956181026 
 3991956193302 
 3992068082013 
 3992068096533 
 3992181928845 
 3992181939636 
 3992296440924 
 3992296457028 
 3992411076060 
 3992411089260 
 3992523698625 
 3992523712782 
 3992637582252 
 3992637597432 
 3992751021336 
 3992751031830 
 3992863755045 
 3992863769730 
 3992976628872 
 3992976642963 
 3993090920874 
 3993090934107 
 3993203617194 
 3993203632605 
 3993315844056 
 3993315855045 
 3993429672177 
 3993429687819 
 3993543011865 
 3993543026385 
 3993655908198 
 3993655920045 
 3993769647450 
 3993769663917 
 3993881202993 
 3993881221671 
 3993996349365 
 3993996369066 
 3994108594047 
 3994108609425 
 3994223310132 
 3994223321715 
 3994337135910 
 3994337147592 
 3994454790117 
 3994454801007 
 3994568829735 
 3994568855640 
 3994684791273 
 3994684812921 
 3994799666748 
 3994799678991 
 3994913440320 
 3994913451969 
 3995028387207 
 3995028399021 
 3995144620797 
 3995144636472 
 3995259090471 
 3995259102318 
 3995372689242 
 3995372702046 
 3995486538153 
 3995486550132 
 3995601171177 
 3995601183057 
 3995713894854 
 3995713906305 
 3995828288397 
 3995828302983 
 3995941060683 
 3995941072365 
 3996055200918 
 3996055212633 
 3996167349735 
 3996167365410 
 3996281564517 
 3996281576001 
 3996393779400 
 3996393793920 
 3996505426155 
 3996505433316 
 3996621057429 
 3996621068451 
 3996735436254 
 3996735451962 
 3996847358625 
 3996847370340 
 3996961023594 
 3996961039005 
 3997072177659 
 3997072190067 
 3997186669344 
 3997186679541 
 3997301588577 
 3997301603427 
 3997416030696 
 3997416045315 
 3997530388929 
 3997530404208 
 3997644804186 
 3997644816957 
 3997759317585 
 3997759329564 
 3997877106927 
 3997877118081 
 3997989080481 
 3997989092394 
 3998106384327 
 3998106396009 
 3998220675405 
 3998220686460 
 3998336441979 
 3998336458182 
 3998450565879 
 3998450581224 
 3998565528738 
 3998565547779 
 3998678966568 
 3998678981748 
 3998793310182 
 3998793325527 
 3998904537045 
 3998904595257 
 3999019858581 
 3999019871583 
 3999134604102 
 3999134617962 
 3999248890461 
 3999248908809 
 3999358642653 
 3999358660176 
 3999473229180 
 3999473242512 
 3999586135182 
 3999586141287 
 3999701877534 
 3999701892054 
 3999812633025 
 3999812645235 
 3999929265057 
 3999929276475 
 4000040786478 
 4000040800899 
 4000155406995 
 4000155422010 
 4000269023685 
 4000269034476 
 4000383742410 
 4000383754719 
 4000496162586 
 4000496174598 
 4000612817784 
 4000612832205 
 4000725476517 
 4000725487803 
 4000841954538 
 4000841968497 
 4000954768800 
 4000954780317 
 4001071124325 
 4001071138581 
 4001184723195 
 4001184746691 
 4001300653185 
 4001300669091 
 4001415084810 
 4001415099594 
 4001530230258 
 4001530242171 
 4001644251891 
 4001644266180 
 4001759433177 
 4001759445585 
 4001873680167 
 4001873695842 
 4001988252372 
 4001988267255 
 4002101356044 
 4002101372214 
 4002216027249 
 4002216040680 
 4002329185437 
 4002329201607 
 4002443078997 
 4002443090151 
 4002557284044 
 4002557299158 
 4002669422367 
 4002669437679 
 4002783609363 
 4002783621573 
 4002897758739 
 4002897772236 
 4003010413083 
 4003010427900 
 4003125207939 
 4003125223350 
 4003237915743 
 4003237937655 
 4003351704924 
 4003351716969 
 4003463552517 
 4003463570436 
 4003578078357 
 4003578090402 
 4003692090321 
 4003692100188 
 4003807020312 
 4003807034535 
 4003921194108 
 4003921206252 
 4004040260220 
 4004040272034 
 4004147225463 
 4004147236947 
 4004262241056 
 4004262252012 
 4004376415050 
 4004376426633 
 4004492303526 
 4004492314878 
 4004608666872 
 4004608678851 
 4004723187267 
 4004723199642 
 4004836760001 
 4004836774983 
 4004953191393 
 4004953202877 
 4005066057234 
 4005066075681 
 4005182135196 
 4005182173542 
 4005294892995 
 4005294904347 
 4005410392665 
 4005410408142 
 4005524342259 
 4005524354502 
 4005636988650 
 4005637001124 
 4005750246531 
 4005750261414 
 4005864282585 
 4005864297798 
 4005977260263 
 4005977273133 
 4006091182698 
 4006091306910 
 4006202754741 
 4006202766720 
 4006316464359 
 4006316478681 
 4006428513681 
 4006428527772 
 4006542250425 
 4006542264780 
 4006653848307 
 4006653865632 
 4006768023984 
 4006768035699 
 4006880216691 
 4006880233917 
 4006993774641 
 4006993791669 
 4007105356056 
 4007105373645 
 4007218589253 
 4007218600605 
 4007332927851 
 4007332939929 
 4007447410923 
 4007447422638 
 4007559626367 
 4007559643989 
 4007674007139 
 4007674018920 
 4007785403622 
 4007785418307 
 4007901467427 
 4007901482475 
 4008013686204 
 4008013696962 
 4008127468158 
 4008127479873 
 4008240178767 
 4008240195696 
 4008354645834 
 4008354662136 
 4008468258069 
 4008468268497 
 4008582260958 
 4008582286830 
 4008694376676 
 4008694391691 
 4008808127148 
 4008808141536 
 4008919724337 
 4008919742355 
 4009033691751 
 4009033705710 
 4009145640027 
 4009145655471 
 4009258746900 
 4009258765248 
 4009372208490 
 4009372220799 
 4009485249528 
 4009485265269 
 4009597466919 
 4009597479624 
 4009710000450 
 4009710012066 
 4009820975028 
 4009820987931 
 4009936145028 
 4009936159878 
 4010048357502 
 4010048372352 
 4010163021711 
 4010163036990 
 4010274741990 
 4010274771954 
 4010389534470 
 4010389548528 
 4010501177067 
 4010501192214 
 4010615776200 
 4010615792172 
 4010728298445 
 4010728309335 
 4010840456436 
 4010840468052 
 4010954175030 
 4010954185755 
 4011068541744 
 4011068553426 
 4011182544303 
 4011182555523 
 4011296526336 
 4011296538513 
 4011408947997 
 4011408960108 
 4011521655339 
 4011521670717 
 4011633793563 
 4011633805674 
 4011748323825 
 4011748340127 
 4011862324074 
 4011862335360 
 4011977129061 
 4011977145198 
 4012088244153 
 4012088255538 
 4012200426069 
 4012200433659 
 4012314036192 
 4012314047808 
 4012428152667 
 4012428164085 
 4012540071243 
 4012540125297 
 4012652994471 
 4012653005163 
 4012767778107 
 4012767801834 
 4012878660054 
 4012878675267 
 4012992664032 
 4012992679278 
 4013106179082 
 4013106197232 
 4013218834977 
 4013218849398 
 4013332175028 
 4013332190043 
 4013445162639 
 4013445175080 
 4013558661684 
 4013558673102 
 4013670839112 
 4013670856404 
 4013784485634 
 4013784498900 
 4013897770080 
 4013897783874 
 4014012621366 
 4014012631497 
 4014124005507 
 4014124017486 
 4014237929427 
 4014237940746 
 4014350374419 
 4014350388015 
 4014464752914 
 4014464767830 
 4014577974429 
 4014577990500 
 4014692477103 
 4014692489445 
 4014805004628 
 4014805016640 
 4014918464667 
 4014918476217 
 4015032359349 
 4015032375123 
 4015145098602 
 4015145112858 
 4015257895143 
 4015257906495 
 4015370967003 
 4015370983008 
 4015483940226 
 4015483950753 
 4015598021061 
 4015598032974 
 4015708630428 
 4015708637853 
 4015821480858 
 4015821487854 
 4015932364356 
 4015932371583 
 4016046764136 
 4016046771561 
 4016160016770 
 4016160021423 
 4016273572443 
 4016273576337 
 4016388157551 
 4016388164613 
 4016500565187 
 4016500568982 
 4016613015954 
 4016613023412 
 4016728333431 
 4016728342341 
 4016840338071 
 4016840350941 
 4016953015482 
 4016953022610 
 4017066830700 
 4017066837861 
 4017177898437 
 4017177909657 
 4017291578982 
 4017291586803 
 4017406368591 
 4017406375587 
 4017523211493 
 4017523223307 
 4017634926525 
 4017634933554 
 4017747489327 
 4017747511833 
 4017861233067 
 4017861240657 
 4017974080329 
 4017974100195 
 4018314349467 
 4018314357651 
 4018320931152 
 4018320935079 
 4018326024702 
 4018326028530 
 4018433139831 
 4018433148774 
 4018546205355 
 4018546213308 
 4018886596329 
 4018886608572 
 4018892673642 
 4018892678592 
 4018897472205 
 4018897478145 
 4019010698967 
 4019010706293 
 4019119383873 
 4019119392486 
 4019233418145 
 4019233425603 
 4019345123376 
 4019345130867 
 4019464356303 
 4019464366797 
 4019576803737 
 4019576822118 
 4019690753859 
 4019690768874 
 4019803870698 
 4019803881720 
 4019918251074 
 4019918262294 
 4020029215125 
 4020029227005 
 4020143240355 
 4020143255832 
 4020254679672 
 4020254692575 
 4020372479244 
 4020372492444 
 4020483784515 
 4020483795702 
 4020598460703 
 4020598472781 
 4020712414950 
 4020712425741 
 4020827418630 
 4020827434833 
 4020938253057 
 4020938264244 
 4021053053391 
 4021053067746 
 4021167574116 
 4021167586029 
 4021282119030 
 4021282130514 
 4021394932434 
 4021394956821 
 4021508827281 
 4021508851800 
 4021621682826 
 4021621708566 
 4021734536886 
 4021734548568 
 4021847698440 
 4021847710056 
 4021961470659 
 4021961482374 
 4022074175790 
 4022074201695 
 4022187525972 
 4022187537357 
 4022296775541 
 4022296788444 
 4022413557459 
 4022413569702 
 4022526772209 
 4022526787092 
 4022639868357 
 4022639883372 
 4022751815841 
 4022751832605 
 4022866253274 
 4022866265319 
 4022981128650 
 4022981143599 
 4023094182327 
 4023094197375 
 4023207716187 
 4023207731565 
 4023321938493 
 4023321952320 
 4023434150538 
 4023434165421 
 4023548968989 
 4023548983773 
 4023661827570 
 4023661844202 
 4023775853988 
 4023775865901 
 4023888398079 
 4023888409398 
 4024003236462 
 4024003251840 
 4024116099300 
 4024116106791 
 4024230484395 
 4024230496275 
 4024342907805 
 4024342918761 
 4024457873535 
 4024457888880 
 4024570791384 
 4024570802604 
 4024685691147 
 4024685703159 
 4024798339650 
 4024798353708 
 4024913355441 
 4024913369466 
 4025023075920 
 4025023091397 
 4025136504081 
 4025136512100 
 4025251254816 
 4025251268148 
 4025364547446 
 4025364560019 
 4025477836644 
 4025477852550 
 4025592187452 
 4025592202467 
 4025704670064 
 4025704783518 
 4025817717570 
 4025817734103 
 4025930339112 
 4025930354292 
 4026044445786 
 4026044457468 
 4026156399078 
 4026156411288 
 4026269221392 
 4026269233503 
 4026384304833 
 4026384317109 
 4026499232745 
 4026499244790 
 4026610173861 
 4026610188216 
 4026725512557 
 4026725528595 
 4026836248248 
 4026836254221 
 4026950600805 
 4026950611233 
 4027064098926 
 4027064113974 
 4027178691228 
 4027178719773 
 4027290463548 
 4027290475758 
 4027404932991 
 4027404949722 
 4027518481239 
 4027518495858 
 4027631440470 
 4027631454957 
 4027744506621 
 4027744518798 
 4027859036685 
 4027859057013 
 4027970922459 
 4027970935263 
 4028084918154 
 4028084930628 
 4028197968993 
 4028198093568 
 4028311705473 
 4028311721511 
 4028424435981 
 4028424448950 
 4028538435405 
 4028538467019 
 4028651193864 
 4028651205810 
 4028764410726 
 4028764420758 
 4028876730351 
 4028876765199 
 4028990801220 
 4028990815245 
 4029103844040 
 4029103858560 
 4029216668532 
 4029216679917 
 4029329930109 
 4029329942121 
 4029443445489 
 4029443459910 
 4029555337995 
 4029555348456 
 4029669776946 
 4029669782853 
 4029783309189 
 4029783321597 
 4029898360059 
 4029898375008 
 4030011469242 
 4030011480990 
 4030125751080 
 4030125760485 
 4030240192605 
 4030240202340 
 4030354079796 
 4030354089564 
 4030466016555 
 4030466027280 
 4030580265987 
 4030580279319 
 4030693636959 
 4030693649466 
 4030808126367 
 4030808141778 
 4030922115594 
 4030922131038 
 4031035359021 
 4031035370703 
 4031147913441 
 4031147924001 
 4031262426774 
 4031262441525 
 4031374775472 
 4031374787484 
 4031489674113 
 4031489688897 
 4031602497879 
 4031602514379 
 4031715105693 
 4031715120840 
 4031828429211 
 4031828443632 
 4031943127773 
 4031943142458 
 4032055681071 
 4032055695558 
 4032170499885 
 4032170507178 
 4032282011076 
 4032282025266 
 4032394869657 
 4032394881438 
 4032508298907 
 4032508356723 
 4032622047300 
 4032622059015 
 4032734499057 
 4032734510772 
 4032849636915 
 4032849651567 
 4032962594100 
 4032962608422 
 4033076717802 
 4033076732718 
 4033190652447 
 4033190664129 
 4033305356025 
 4033305366981 
 4033417409439 
 4033417421121 
 4033532096583 
 4033532108529 
 4033645436106 
 4033645447491 
 4033760276469 
 4033760291187 
 4033872222501 
 4033872236922 
 4033987427283 
 4033987438239 
 4034100481290 
 4034100492147 
 4034213561301 
 4034213577306 
 4034326760574 
 4034326774335 
 4034441198568 
 4034441210679 
 4034555045730 
 4034555060547 
 4034667336051 
 4034667347139 
 4034781338148 
 4034781349764 
 4034892918738 
 4034892930156 
 4035006642513 
 4035006670101 
 4035120983421 
 4035120999690 
 4035234635850 
 4035234648225 
 4035347846541 
 4035347861193 
 4035460274934 
 4035460287144 
 4035574510935 
 4035574522287 
 4035687108552 
 4035687120432 
 4035800965614 
 4035800976570 
 4035914527887 
 4035914538678 
 4036029309015 
 4036029321258 
 4036138786449 
 4036138797768 
 4036255645785 
 4036255660305 
 4036367362962 
 4036367377647 
 4036483725582 
 4036483739838 
 4036593721875 
 4036593729135 
 4036708243227 
 4036708250553 
 4036821585324 
 4036821592815 
 4036934534391 
 4036934538417 
 4037048711091 
 4037048718450 
 4037163773775 
 4037163777669 
 4037274410136 
 4037274421818 
 4037394814035 
 4037394822615 
 4037503171515 
 4037503179699 
 4037622207069 
 4037622211293 
 4037732914050 
 4037732927613 
 4037847530046 
 4037847545490 
 4037961956259 
 4037961970581 
 4038073576086 
 4038073597569 
 4038186518850 
 4038186523239 
 4038300713568 
 4038300736272 
 4038409591920 
 4038409600698 
 4038524715423 
 4038524723277 
 4038639239118 
 4038639269214 
 4038752762781 
 4038752770635 
 4038866302383 
 4038866309907 
 4038979912869 
 4038979920789 
 4039092310539 
 4039092318129 
 4039207441830 
 4039207448958 
 4039319818215 
 4039319837751 
 4039434715800 
 4039434723489 
 4039547557221 
 4039547562402 
 4039660997856 
 4039661001816 
 4039774792482 
 4039774796112 
 4040115843027 
 4040115851805 
 4040123489523 
 4040123495694 
 4040139159639 
 4040139167031 
 4040237564121 
 4040237572701 
 4040350202262 
 4040350211964 
 4040704025853 
 4040704033410 
 4040708350899 
 4040708355123 
 4040712827019 
 4040712831276 
 4040822594259 
 4040822601882 
 4040934323580 
 4040934329223 
 4041047952249 
 4041047960598 
 4041159843897 
 4041159852048 
 4041274337562 
 4041274345383 
 4041386215218 
 4041386221026 
 4041500000967 
 4041500006082 
 4041615409953 
 4041615417477 
 4041730096437 
 4041730106073 
 4041841768833 
 4041841777875 
 4041955292892 
 4041955301637 
 4042066227012 
 4042066238133 
 4042179845880 
 4042179855549 
 4042292753565 
 4042292764092 
 4042406627820 
 4042406636565 
 4042519370472 
 4042519379712 
 4042633983828 
 4042633995576 
 4042747119048 
 4042747127793 
 4042861823319 
 4042861831998 
 4042974803274 
 4042974812349 
 4043089374918 
 4043089383036 
 4043202664281 
 4043202673290 
 4043317353174 
 4043317363206 
 4043430615411 
 4043430628809 
 4043546030766 
 4043546044164 
 4043661346461 
 4043661357153 
 4043774409543 
 4043774434095 
 4043887516416 
 4043887521234 
 4044001839735 
 4044001843662 
 4044116804343 
 4044116815233 
 4044231346617 
 4044231356616 
 4044344053332 
 4044344068017 
 4044458185350 
 4044458196174 
 4044570838704 
