 4120293363582 
 4120302877449 
 4120302885006 
 4120318532781 
 4120318539810 
 4120422532941 
 4120422541191 
 4120560625104 
 4120560633552 
 4120693429743 
 4120693468353 
 4120812717681 
 4120812726690 
 4120948932507 
 4120948942209 
 4121077649865 
 4121077823478 
 4121212027218 
 4121212033257 
 4121342255184 
 4121342259639 
 4121476346823 
 4121476354347 
 4121603821797 
 4121603825394 
 4121737516512 
 4121737520142 
 4121866137246 
 4121866141635 
 4121999707023 
 4121999710587 
 4122127943472 
 4122127947795 
 4122262827837 
 4122262831401 
 4122391265916 
 4122391270305 
 4122525299442 
 4122525302907 
 4122654471837 
 4122654475896 
 4122787657230 
 4122787660926 
 4122918726861 
 4122918737850 
 4123052722305 
 4123052735439 
 4123186675509 
 4123186688214 
 4123328801262 
 4123328805618 
 4123464267813 
 4123464281475 
 4123599261078 
 4123599271077 
 4123728720276 
 4123728733773 
 4123865384958 
 4123865394891 
 4124253192906 
 4124253203895 
 4124269818174 
 4124269830879 
 4124280679959 
 4124280688902 
 4124399015781 
 4124399031258 
 4124524441059 
 4124524454820 
 4124658595596 
 4124658604671 
 4124788144092 
 4124788154586 
 4124931671058 
 4124931681816 
 4125050568969 
 4125050581839 
 4125188114652 
 4125188125839 
 4125314768421 
 4125314772018 
 4125450461715 
 4125450476532 
 4125576540855 
 4125576548016 
 4125710663151 
 4125710671962 
 4125837270324 
 4125837277815 
 4125973204980 
 4125973211976 
 4126101170598 
 4126101178254 
 4126238955531 
 4126238963022 
 4126370237979 
 4126370244909 
 4126506455676 
 4126506460065 
 4126638143727 
 4126638151152 
 4126774504215 
 4126774509066 
 4126903574409 
 4126903585167 
 4127043043464 
 4127043050592 
 4127173507314 
 4127173662282 
 4127308920933 
 4127308931757 
 4127437312350 
 4127437316409 
 4127573195526 
 4127573202555 
 4127701287666 
 4127701297533 
 4127836660299 
 4127836669143 
 4127964341292 
 4127964348618 
 4128099906150 
 4128099927204 
 4128226681656 
 4128226687233 
 4128362810022 
 4128362814345 
 4128491718879 
 4128491723895 
 4128625823718 
 4128625828173 
 4128753230448 
 4128753238500 
 4128888068580 
 4128888074949 
 4129019029971 
 4129019044029 
 4129154089995 
 4129154104185 
 4129282253415 
 4129282261401 
 4129416001689 
 4129416026241 
 4129547467551 
 4129547481741 
 4129685766294 
 4129685779923 
 4129817906181 
 4129817926542 
 4129953277890 
 4129953292608 
 4130348217963 
 4130348231361 
 4130352720648 
 4130352724179 
 4130368239525 
 4130368251537 
 4130494519800 
 4130494534584 
 4130619154794 
 4130619170436 
 4130752707180 
 4130752718664 
 4130879392167 
 4130879405466 
 4131015842844 
 4131015854361 
 4131143806779 
 4131143832618 
 4131278482584 
 4131278496246 
 4131406002999 
 4131406015308 
 4131549365922 
 4131549378891 
 4131670102758 
 4131670115100 
 4131803239905 
 4131803253699 
 4131935601255 
 4131935615544 
 4132068001611 
 4132068009630 
 4132199089326 
 4132199097411 
 4132332693852 
 4132332705501 
 4132460290464 
 4132460300562 
 4132596506841 
 4132596516939 
 4132728183408 
 4132728193968 
 4132865632005 
 4132865644347 
 4132999094730 
 4132999108425 
 4133135234844 
 4133135250915 
 4133267214285 
 4133267228310 
 4133403597378 
 4133403611700 
 4133532616653 
 4133532625299 
 4133669799765 
 4133669810787 
 4133798435316 
 4133798447097 
 4133934952950 
 4133934967569 
 4134062669748 
 4134062680803 
 4134197563980 
 4134197578698 
 4134322490727 
 4134322506072 
 4134467234139 
 4134467247042 
 4134585306786 
 4134585318930 
 4134720237813 
 4134720251574 
 4134850908969 
 4134850921047 
 4134985012488 
 4134985025160 
 4135112870592 
 4135112882736 
 4135246549170 
 4135246562568 
 4135376451558 
 4135376463702 
 4135510577682 
 4135510592631 
 4135640157891 
 4135640169078 
 4135773923655 
 4135773935040 
 4135905965301 
 4135905977148 
 4136043418254 
 4136043426900 
 4136169894351 
 4136169908640 
 4136307561177 
 4136307574938 
 4136437972590 
 4136437985064 
 4136572568106 
 4136572582659 
 4136705446269 
 4136705453826 
 4136843298291 
 4136843316078 
 4136972909751 
 4136972920674 
 4137107730525 
 4137107742339 
 4137238055709 
 4137238066104 
 4137374950632 
 4137374961885 
 4137503899089 
 4137503910012 
 4137640122330 
 4137640132692 
 4137765487185 
 4137765497151 
 4137904545126 
 4137904555422 
 4138031014128 
 4138031025381 
 4138164055146 
 4138164065574 
 4138292941728 
 4138292952057 
 4138427178699 
 4138427189688 
 4138556409141 
 4138556415840 
 4138690516257 
 4138690525497 
 4138820579454 
 4138820591004 
 4138956556647 
 4138956566877 
 4139083541175 
 4139083550844 
 4139219474181 
 4139219487744 
 4139350462632 
 4139350474215 
 4139488708542 
 4139488724382 
 4139619942678 
 4139619957132 
 4139756394147 
 4139756408271 
 4139880937599 
 4139880948885 
 4140017963136 
 4140017972211 
 4140147842325 
 4140147847836 
 4140284917494 
 4140284931156 
 4140412080750 
 4140412092399 
 4140548344614 
 4140548351709 
 4140679677255 
 4140679686561 
 4140812818329 
 4140812831232 
 4140942172257 
 4140942183114 
 4141078193802 
 4141078211853 
 4141206806847 
 4141206820740 
 4141342742130 
 4141342753416 
 4141471526973 
 4141471540998 
 4141604575119 
 4141604586867 
 4141733134143 
 4141733147079 
 4141870852449 
 4141870863999 
 4141998633993 
 4141998645906 
 4142135101137 
 4142135113314 
 4142262599046 
 4142262609276 
 4142398604520 
 4142398611516 
 4142528348112 
 4142528360091 
 4142664584388 
 4142664594222 
 4142791848294 
 4142791859217 
 4142927597853 
 4142927609205 
 4143059889936 
 4143059900364 
 4143194542938 
 4143194553531 
 4143326054439 
 4143326064669 
 4143463541283 
 4143463549962 
 4143593121228 
 4143593131326 
 4143728415420 
 4143728427003 
 4143857696220 
 4143857707209 
 4143991013415 
 4143991027506 
 4144118624217 
 4144118636031 
 4144255903062 
 4144255915305 
 4144386520593 
 4144386528810 
 4144522469802 
 4144522480329 
 4144649846931 
 4144649859504 
 4144784460234 
 4144784470530 
 4144914740901 
 4144914750867 
 4145050511349 
 4145050522272 
 4145181671103 
 4145181684336 
 4145579526429 
 4145579537055 
 4145583109635 
 4145583114486 
 4145586416862 
 4145586422571 
 4145718519129 
 4145718530448 
 4145851393893 
 4145851405773 
 4145980237014 
 4145980249785 
 4146114576318 
 4146114588660 
 4146246481707 
 4146246494049 
 4146382102929 
 4146382113357 
 4146511930341 
 4146511941000 
 4146649446357 
 4146649458039 
 4146778331718 
 4146778344456 
 4146919032696 
 4146919049130 
 4147046359038 
 4147046373690 
 4147181483907 
 4147181493609 
 4147308700491 
 4147308713559 
 4147443155823 
 4147443167241 
 4147572699897 
 4147572710160 
 4147707826482 
 4147707839055 
 4147833438573 
 4147833452829 
 4147970358972 
 4147970368938 
 4148103099558 
 4148103110019 
 4148237923434 
 4148237935380 
 4148364665973 
 4148364676797 
 4148496835956 
 4148496846054 
 4148627541003 
 4148627548956 
 4148763674220 
 4148763677982 
 4148894619375 
 4148894631024 
 4149029997849 
 4149030007287 
 4149158372766 
 4149158380356 
 4149294044709 
 4149294056226 
 4149428440806 
 4149428450970 
 4149563829774 
 4149563835879 
 4149692602308 
 4149692614947 
 4149833832144 
 4149833843892 
 4149964279197 
 4149964290450 
 4150093754202 
 4150093766775 
 4150223857131 
 4150223864127 
 4150360600650 
 4150360610187 
 4150488565608 
 4150488577323 
 4150625358396 
 4150625369319 
 4150753386021 
 4150753390872 
 4150889342721 
 4150889347407 
 4151018230425 
 4151018239698 
 4151153603289 
 4151153612034 
 4151282590851 
 4151282600949 
 4151417556264 
 4151417570190 
 4151546090406 
 4151546101593 
 4151683079775 
 4151683095483 
 4151811757302 
 4151811769908 
 4151946194550 
 4151946208344 
 4152077837193 
 4152077849568 
 4152214487685 
 4152214499169 
 4152343067862 
 4152343079940 
 4152479708982 
 4152479719509 
 4152607133433 
 4152607145247 
 4152744193587 
 4152744203091 
 4152872700009 
 4152872716080 
 4153008232494 
 4153008241173 
 4153138288431 
 4153138302324 
 4153272316446 
 4153272330339 
 4153401223455 
 4153401234939 
 4153537151148 
 4153537161246 
 4153668502731 
 4153668513489 
 4153804061583 
 4153804071417 
 4153933105806 
 4153933112439 
 4154067087951 
 4154067098709 
 4154197656972 
 4154197664166 
 4154333529885 
 4154333538729 
 4154462106597 
 4154462117091 
 4154595799563 
 4154595810354 
 4154726503521 
 4154726512464 
 4154861724849 
 4154861732670 
 4154991766266 
 4154991775605 
 4155127301028 
 4155127311918 
 4155256188600 
 4155256199292 
 4155393663828 
 4155393673497 
 4155523642281 
 4155523650168 
 4155660153579 
 4155660165492 
 4155787218429 
 4155787228164 
 4155923043525 
 4155923055273 
 4156056859680 
 4156056871758 
 4156193283330 
 4156193293626 
 4156324620030 
 4156324638444 
 4156454989071 
 4156455003162 
 4156588690551 
 4156588721472 
 4156725647910 
 4156725658800 
 4156852622835 
 4156852633560 
 4156988361339 
 4156988371074 
 4157117050482 
 4157117059755 
 4157251005897 
 4157251016028 
 4157382458757 
 4157382472782 
 4157519503665 
 4157519516337 
 4157649066417 
 4157649079188 
 4157783481258 
 4157783495547 
 4157912882013 
 4157912893926 
 4158048438489 
 4158048450996 
 4158177690150 
 4158177700875 
 4158310701468 
 4158310713414 
 4158438313557 
 4158438323721 
 4158577788783 
 4158577800036 
 4158706385130 
 4158706397769 
 4158842512077 
 4158842520591 
 4158969795453 
 4158969803736 
 4159107192240 
 4159107206364 
 4159237098819 
 4159237112052 
 4159373084361 
 4159373097594 
 4159503105351 
 4159503120663 
 4159640085678 
 4159640095809 
 4159766575371 
 4159766587977 
 4159903374165 
 4159903427658 
 4160034606123 
 4160034615660 
 4160169458148 
 4160169467520 
 4160298987141 
 4160298993939 
 4160437594731 
 4160437605720 
 4160564687169 
 4160564694858 
 4160700427554 
 4160700437784 
 4160829652848 
 4160829659250 
 4160964677100 
 4160964686109 
 4161092085645 
 4161092094489 
 4161228458541 
 4161228471279 
 4161357821577 
 4161357833325 
 4161492877707 
 4161492889785 
 4161619912263 
 4161619924704 
 4161755230314 
 4161755244669 
 4161887285589 
 4161887297106 
 4162022650434 
 4162022662941 
 4162150054656 
 4162150067328 
 4162285868499 
 4162285882722 
 4162418921562 
 4162418935752 
 4162552978122 
 4162552988814 
 4162681875693 
 4162681887210 
 4162820344848 
 4162820355936 
 4162950360525 
 4162950371580 
 4163085219843 
 4163085229413 
 4163216521068 
 4163216531001 
 4163352118101 
 4163352125922 
 4163479094148 
 4163479106754 
 4163613349500 
 4163613358608 
 4163744049564 
 4163744057913 
 4163881141035 
 4163881150044 
 4164009646599 
 4164009655278 
 4164144322701 
 4164144334680 
 4164275555022 
 4164275565978 
 4164410494431 
 4164410503638 
 4164542045763 
 4164542057313 
 4164677311971 
 4164677322465 
 4164804458859 
 4164804468396 
 4164939998307 
 4164940004841 
 4165070891916 
 4165070899572 
 4165206787302 
 4165206794067 
 4165337389356 
 4165337401401 
 4165473566298 
 4165473580587 
 4165603011207 
 4165603022427 
 4165737264612 
 4165737275634 
 4165869868380 
 4165869873792 
 4166004386808 
 4166004395949 
 4166133727536 
 4166133737568 
 4166268104526 
 4166268114756 
 4166398400076 
 4166398408194 
 4166534569329 
 4166534575995 
 4166665142838 
 4166665151913 
 4166799809634 
 4166799819930 
 4166928989751 
 4166928998364 
 4167063089079 
 4167063098418 
 4167193120530 
 4167193130661 
 4167329531310 
 4167329540748 
 4167461177352 
 4167461187879 
 4167595496262 
 4167595508901 
 4167724775379 
 4167724787655 
 4167861375711 
 4167861387228 
 4167990211506 
 4167990222594 
 4168126265424 
 4168126277766 
 4168256326377 
 4168256335155 
 4168392378843 
 4168392390591 
 4168522312779 
 4168522322646 
 4168657107648 
 4168657119627 
 4168789659012 
 4168789667295 
 4168924299738 
 4168924309539 
 4169054194173 
 4169054207571 
 4169189326005 
 4169189339139 
 4169321187768 
 4169321199945 
 4169455953432 
 4169455966005 
 4169587178262 
 4169587191990 
 4169723859774 
 4169723874360 
 4169853422526 
 4169853435627 
 4169990245278 
 4169990257917 
 4170118962372 
 4170118971546 
 4170253524525 
 4170253535745 
 4170380358177 
 4170380369133 
 4170515345898 
 4170515354577 
 4170646170867 
 4170646183110 
 4170782675433 
 4170782686290 
 4170911695170 
 4170911706093 
 4171047956163 
 4171047966855 
 4171177321674 
 4171177334643 
 4171312870428 
 4171312883925 
 4171444032426 
 4171444042359 
 4171580459145 
 4171580472609 
 4171708045065 
 4171708056846 
 4171843781160 
 4171843789905 
 4171978551708 
 4171978560288 
 4172113253385 
 4172113264077 
 4172242949127 
 4172242960512 
 4172378167188 
 4172378178309 
 4172505933189 
 4172505944211 
 4172642569128 
 4172642578071 
 4172773666248 
 4172773675884 
 4172910038649 
 4172910051948 
 4173040419768 
 4173040436235 
 4173185066391 
 4173185080119 
 4173306241269 
 4173306252753 
 4173441719370 
 4173441731283 
 4173571370067 
 4173571382013 
 4173707109825 
 4173707120616 
 4173837270108 
 4173837279381 
 4173973765104 
 4173973774806 
 4174102001487 
 4174102009737 
 4174238388705 
 4174238400717 
 4174368465267 
 4174368477939 
 4174503988182 
 4174504000062 
 4174632579348 
 4174632591096 
 4174769040321 
 4174769050122 
 4174900422429 
 4174900433484 
 4175037667812 
 4175037677019 
 4175167936632 
 4175167947918 
 4175303575509 
 4175303585541 
 4175434471527 
 4175434484232 
 4175571640416 
 4175571651438 
 4175700577488 
 4175700586629 
 4175836583490 
 4175836596624 
 4175966376978 
 4175966388660 
 4176101591079 
 4176101602662 
 4176232171419 
 4176232180692 
 4176366189171 
 4176366202404 
 4176494550921 
 4176494562834 
 4176631114788 
 4176631127493 
 4176759873396 
 4176759882504 
 4176896152176 
 4176896161812 
 4177024432680 
 4177024443999 
 4177160823198 
 4177160834847 
 4177289491617 
 4177289501781 
 4177425703110 
 4177425713538 
 4177555905501 
 4177555913949 
 4177689673674 
 4177689685785 
 4177819724265 
 4177819734957 
 4177956519297 
 4177956533619 
 4178085653148 
 4178085663015 
 4178222062509 
 4178222071914 
 4178349351990 
 4178349364629 
 4178484798246 
 4178484809730 
 4178616668358 
 4178616679710 
 4178753875362 
 4178753884206 
 4178883275094 
 4178883287766 
 4179019161702 
 4179019173582 
 4179146010633 
 4179146025186 
 4179281822826 
 4179281832990 
 4179413284860 
 4179413297862 
 4179552763353 
 4179552774969 
 4179682359666 
 4179682365342 
 4179817860900 
 4179817867731 
 4179947288385 
 4179947299902 
 4180082979072 
 4180082992305 
 4180212215982 
 4180212228423 
 4180347946302 
 4180347956235 
 4180478233767 
 4180478244921 
 4180614141660 
 4180614154167 
 4180745056620 
 4180745069853 
 4180880445654 
 4180880453409 
 4181010236139 
 4181010247425 
 4181146194423 
 4181146208712 
 4181274864129 
 4181274874656 
 4181411104134 
 4181411110965 
 4181542788390 
 4181542799544 
 4181679394695 
 4181679406410 
 4181809329588 
 4181809342656 
 4181946059709 
 4181946080532 
 4182073857555 
 4182073869534 
 4182211497783 
 4182211506000 
 4182342161910 
 4182342173262 
 4182478648821 
 4182478655520 
 4182609082905 
 4182609089010 
 4182745903116 
 4182745928790 
 4182877263609 
 4182877270176 
 4183011773358 
 4183011777021 
 4183143047820 
 4183143052473 
 4183279677720 
 4183279688379 
 4183408009275 
 4183408012047 
 4183544089032 
 4183544093553 
 4183674617232 
 4183674621687 
 4183810216938 
 4183810221426 
 4183940791899 
 4183940795562 
 4184076511032 
 4184076517401 
 4184206509945 
 4184206513839 
 4184340008772 
 4184340018111 
 4184469503907 
 4184469514170 
 4184608278444 
 4184608287519 
 4184739459549 
 4184739468723 
 4184876176998 
 4184876184819 
 4185006562077 
 4185006572802 
 4185141556266 
 4185141565110 
 4185271387638 
 4185271397010 
 4185405831321 
 4185405842046 
 4185536275899 
 4185536283390 
 4185672086541 
 4185672097134 
 4185802929132 
 4185802946721 
 4185940013937 
 4185940047399 
 4186070600547 
 4186070608137 
 4186205575629 
 4186205584737 
 4186334787129 
