 4187356966980 
 4187372849517 
 4187372855358 
 4187382455817 
 4187382461658 
 4187496523419 
 4187496530745 
 4187627227212 
 4187627236485 
 4187757156099 
 4187757165867 
 4187885186826 
 4187885194812 
 4188022580214 
 4188022588695 
 4188151447656 
 4188151458678 
 4188288182958 
 4188288194211 
 4188419996838 
 4188420005847 
 4188556323402 
 4188556333104 
 4188686403660 
 4188686414517 
 4188821533182 
 4188821542818 
 4188949717524 
 4188949724949 
 4189088803284 
 4189088811600 
 4189219200243 
 4189219210176 
 4189354433847 
 4189354447542 
 4189482048411 
 4189482058245 
 4189619476317 
 4189619484237 
 4189751892711 
 4189751909838 
 4189888469646 
 4189888477368 
 4190017662270 
 4190017673985 
 4190154183006 
 4190154193797 
 4190294363607 
 4190294373837 
 4190438016732 
 4190438028645 
 4190572555752 
 4190572567203 
 4190710786746 
 4190710795689 
 4190842273101 
 4190842280988 
 4190979479214 
 4190979488124 
 4191108668109 
 4191108678141 
 4191244338270 
 4191244373943 
 4191373605936 
 4191373615209 
 4191510703644 
 4191510711036 
 4191641935965 
 4191641945832 
 4191777936852 
 4191777946785 
 4191905754498 
 4191905767401 
 4192041564051 
 4192041572169 
 4192176244014 
 4192176251802 
 4192312951563 
 4192312958295 
 4192442105610 
 4192442114883 
 4192577374194 
 4192577382939 
 4192705841115 
 4192705852500 
 4192842548532 
 4192842559686 
 4192974362709 
 4192974370266 
 4193113758075 
 4193113767282 
 4193243055243 
 4193243064384 
 4193383445526 
 4193383458264 
 4193518068168 
 4193518072887 
 4193657940054 
 4193657942397 
 4193787424926 
 4193787432978 
 4193925731358 
 4193925738717 
 4194061826031 
 4194061832631 
 4194196905360 
 4194196913676 
 4194328572390 
 4194328583181 
 4194465776292 
 4194465783222 
 4194596691681 
 4194596698182 
 4194732764211 
 4194732769161 
 4194862187670 
 4194862194996 
 4194999180603 
 4194999188721 
 4195130039364 
 4195130044842 
 4195267829280 
 4195267838388 
 4195397999232 
 4195398006162 
 4195532894454 
 4195532898810 
 4195663739058 
 4195663743909 
 4195799730705 
 4195799735523 
 4195930621278 
 4195930625403 
 4196066878179 
 4196066886066 
 4196198137956 
 4196198142675 
 4196335615428 
 4196335630245 
 4196468247807 
 4196468250546 
 4196605630899 
 4196605641624 
 4196741027688 
 4196741040195 
 4196879951682 
 4196879963133 
 4197013613298 
 4197013626828 
 4197419515311 
 4197419541909 
 4197425983740 
 4197425989383 
 4197428770557 
 4197428773890 
 4197559216059 
 4197559230612 
 4197698884896 
 4197698901891 
 4197824070330 
 4197824082672 
 4197961071777 
 4197961085076 
 4198098003594 
 4198098015342 
 4198230314685 
 4198230320526 
 4198365152091 
 4198365160473 
 4198499662170 
 4198499673819 
 4198627617426 
 4198627627392 
 4198766108988 
 4198766117304 
 4198896621843 
 4198896632601 
 4199031671472 
 4199031680481 
 4199161798194 
 4199161808457 
 4199304459405 
 4199304470625 
 4199429770899 
 4199429780436 
 4199567661498 
 4199567671431 
 4199698023378 
 4199698033905 
 4199837559423 
 4199837566947 
 4199972112864 
 4199972119200 
 4200109583076 
 4200109593108 
 4200240616737 
 4200240625911 
 4200379839876 
 4200379848621 
 4200515422158 
 4200515426811 
 4200652816140 
 4200652825809 
 4200787207815 
 4200787219101 
 4200923026245 
 4200923036046 
 4201054492866 
 4201054504416 
 4201192254204 
 4201192261332 
 4201324062210 
 4201324067259 
 4201462033164 
 4201462038576 
 4201593042966 
 4201593052899 
 4201729676166 
 4201729689828 
 4201858430154 
 4201858442826 
 4201997565216 
 4201997573994 
 4202127189843 
 4202127192252 
 4202265444564 
 4202265453012 
 4202393993853 
 4202394005271 
 4202530420110 
 4202530432485 
 4202664574845 
 4202664582732 
 4202801909394 
 4202801918832 
 4202932081755 
 4202932091820 
 4203071919750 
 4203071932917 
 4203201521178 
 4203201533751 
 4203338951757 
 4203338963274 
 4203473194206 
 4203473203578 
 4203612658245 
 4203612685140 
 4203745358439 
 4203745370385 
 4203883168815 
 4203883179969 
 4204017203661 
 4204017210723 
 4204423099305 
 4204423107126 
 4204426572060 
 4204426576152 
 4204434662307 
 4204434669171 
 4204562815992 
 4204562828532 
 4204707104532 
 4204707116610 
 4204832633331 
 4204832642043 
 4204969925475 
 4204969934946 
 4205101301709 
 4205101311576 
 4205238577683 
 4205238587814 
 4205368296459 
 4205368308966 
 4205506691958 
 4205506706577 
 4205637593487 
 4205637607644 
 4205773476003 
 4205773490490 
 4205906005257 
 4205906016213 
 4206044143488 
 4206044154939 
 4206173803161 
 4206173812566 
 4206309972942 
 4206309985878 
 4206442917732 
 4206442927269 
 4206581671116 
 4206581682963 
 4206715029561 
 4206715041672 
 4206853647249 
 4206853660218 
 4206985010943 
 4206985024308 
 4207124384265 
 4207124395980 
 4207255486269 
 4207255500096 
 4207394495304 
 4207394507382 
 4207528069668 
 4207528080888 
 4207665614988 
 4207665629673 
 4207799282181 
 4207799296536 
 4207936550235 
 4207936563534 
 4208068118331 
 4208068133181 
 4208205170928 
 4208205194952 
 4208336144001 
 4208336154561 
 4208472221910 
 4208472233460 
 4208602061730 
 4208602074435 
 4208739363048 
 4208739389481 
 4208870195409 
 4208870205012 
 4209008012682 
 4209008024958 
 4209137415747 
 4209137428782 
 4209276669642 
 4209276679311 
 4209407633673 
 4209407643672 
 4209545939808 
 4209545953371 
 4209679862091 
 4209679873014 
 4209817074936 
 4209817086684 
 4209950907426 
 4209950918844 
 4210089447960 
 4210089460929 
 4210221256494 
 4210221268935 
 4210359799404 
 4210359812109 
 4210492390929 
 4210492403700 
 4210630978818 
 4210630990500 
 4210762252323 
 4210762267932 
 4210898792925 
 4210898807742 
 4211037354249 
 4211037365799 
 4211175805221 
 4211175817431 
 4211304476115 
 4211304492384 
 4211442114165 
 4211442128223 
 4211573798850 
 4211573810202 
 4211710677933 
 4211710694301 
 4211837369520 
 4211837382753 
 4211975262330 
 4211975277279 
 4212106954110 
 4212106966188 
 4212245035614 
 4212245047956 
 4212376319877 
 4212376329909 
 4212514177014 
 4212514187739 
 4212646347360 
 4212646360164 
 4212785330688 
 4212785342997 
 4212917349267 
 4212917361015 
 4213053816048 
 4213053828357 
 4213190113770 
 4213190124000 
 4213331056506 
 4213331070696 
 4213464466728 
 4213464480357 
 4213603358316 
 4213603372539 
 4213733228892 
 4213733242587 
 4213869553707 
 4213869564960 
 4214006453679 
 4214006468265 
 4214144731632 
 4214144743314 
 4214271141696 
 4214271154335 
 4214411223429 
 4214411247123 
 4214542405425 
 4214542420605 
 4214682602262 
 4214682616188 
 4214811564414 
 4214811578241 
 4214948325357 
 4214948341230 
 4215082061718 
 4215082072113 
 4215218752833 
 4215218767254 
 4215350178666 
 4215350189160 
 4215485289906 
 4215485299245 
 4215618138105 
 4215618149160 
 4215756688737 
 4215756699561 
 4215886829847 
 4215886839483 
 4216023584487 
 4216023593595 
 4216159803834 
 4216159815351 
 4216296303450 
 4216296315891 
 4216426506270 
 4216426519536 
 4216567294764 
 4216567308426 
 4216699405248 
 4216699416336 
 4216836787812 
 4216836802563 
 4216969055376 
 4216969067157 
 4217108184729 
 4217108199777 
 4217239092363 
 4217239106091 
 4217378376090 
 4217378383515 
 4217509509279 
 4217509523040 
 4217648192604 
 4217648201151 
 4217780672424 
 4217780680344 
 4217916687138 
 4217916698754 
 4218051944205 
 4218051956976 
 4218192116391 
 4218192149919 
 4218319216188 
 4218319230543 
 4218458952708 
 4218458966799 
 4218591696396 
 4218591711048 
 4218731181654 
 4218731196834 
 4218862657350 
 4218862669296 
 4219000965696 
 4219000977114 
 4219133073969 
 4219133088324 
 4219268338758 
 4219268353971 
 4219401400302 
 4219401410664 
 4219543244400 
 4219543259085 
 4219675376961 
 4219675392801 
 4219811127642 
 4219811138202 
 4219946867466 
 4219946883900 
 4220084908611 
 4220084920425 
 4220213903235 
 4220213918184 
 4220353669851 
 4220353682061 
 4220487844452 
 4220487856662 
 4220625162534 
 4220625174711 
 4220755877745 
 4220755892694 
 4220894611329 
 4220894625618 
 4221025239948 
 4221025248792 
 4221165122229 
 4221165133119 
 4221296562120 
 4221296574660 
 4221435983952 
 4221435998769 
 4221567948576 
 4221567960852 
 4221704893923 
 4221704907420 
 4221834149544 
 4221834160137 
 4221971467197 
 4221971480793 
 4222105385256 
 4222105400172 
 4222239921207 
 4222239933549 
 4222373665785 
 4222373677302 
 4222515199023 
 4222515212652 
 4222648107711 
 4222648122792 
 4222784182980 
 4222784191824 
 4222916813181 
 4222916829912 
 4223056368993 
 4223056382193 
 4223189764200 
 4223189778258 
 4223324509866 
 4223324523957 
 4223458064265 
 4223458078884 
 4223598345978 
 4223598361455 
 4223729099073 
 4223729110557 
 4223866867671 
 4223866884435 
 4223999106360 
 4223999116557 
 4224135651747 
 4224135667158 
 4224262682343 
 4224262720326 
 4224400058934 
 4224400097709 
 4224533649336 
 4224533661711 
 4224670687578 
 4224670700382 
 4224802723614 
 4224802737936 
 4224935925903 
 4224935937156 
 4225069104498 
 4225069117302 
 4225209127392 
 4225209139569 
 4225339108320 
 4225339125711 
 4225477913382 
 4225477925064 
 4225608939552 
 4225608950442 
 4225747748970 
 4225747763754 
 4225881106821 
 4225881118008 
 4226022508983 
 4226022524856 
 4226155684377 
 4226155695234 
 4226294129838 
 4226294143335 
 4226426803236 
 4226426816337 
 4226565236091 
 4226565250644 
 4226697181740 
 4226697195798 
 4226835543810 
 4226835557967 
 4226965856058 
 4226965904766 
 4227105625413 
 4227105636501 
 4227236980461 
 4227236994321 
 4227373403715 
 4227373418004 
 4227503670753 
 4227503680323 
 4227641023221 
 4227641031702 
 4227773999064 
 4227774008931 
 4227910058889 
 4227910069317 
 4228043167788 
 4228043178645 
 4228179451485 
 4228179466599 
 4228308529830 
 4228308538344 
 4228449554373 
 4228449563316 
 4228581388614 
 4228581399636 
 4228718029173 
 4228718038743 
 4228849512459 
 4228849525263 
 4228987934853 
 4228987947525 
 4229121667551 
 4229121678903 
 4229259847527 
 4229259859440 
 4229393310054 
 4229393322099 
 4229532397101 
 4229532404988 
 4229665617144 
 4229665627968 
 4229803174245 
 4229803184805 
 4229934179295 
 4229934194442 
 4230074763585 
 4230074771208 
 4230206259114 
 4230206266671 
 4230343376490 
 4230343384872 
 4230474978147 
 4230474985077 
 4230611190927 
 4230611195778 
 4230743373021 
 4230743377245 
 4230879303420 
 4230879311538 
 4231013682588 
 4231013692752 
 4231152301035 
 4231152308328 
 4231285251501 
 4231285255428 
 4231423470945 
 4231423475763 
 4231553604597 
 4231553610042 
 4231691604261 
 4231691608056 
 4231822597893 
 4231822603107 
 4231960286037 
 4231960296168 
 4232090214231 
 4232090222217 
 4232228172216 
 4232228180268 
 4232361574617 
 4232361584451 
 4232499145512 
 4232499157557 
 4232633053308 
 4232633065188 
 4232770778940 
 4232770787619 
 4232905023831 
 4232905036305 
 4233042663432 
 4233042674883 
 4233174723954 
 4233174736395 
 4233313554261 
 4233313565481 
 4233447059028 
 4233447067476 
 4233583466541 
 4233583473504 
 4233719286819 
 4233719300481 
 4233857944701 
 4233857957505 
 4233987276387 
 4233987301929 
 4234126339377 
 4234126364721 
 4234254338325 
 4234254351591 
 4234392139197 
 4234392150582 
 4234523341389 
 4234523351091 
 4234661099790 
 4234661108964 
 4234791533709 
 4234791546810 
 4234927915251 
 4234927926042 
 4235062130970 
 4235062141728 
 4235199009426 
 4235199023187 
 4235603802705 
 4235603825541 
 4235613520743 
 4235613528234 
 4235619387252 
 4235619393984 
 4235756639664 
 4235756647551 
 4235891351505 
 4235891358996 
 4236027790269 
 4236027797793 
 4236154223301 
 4236154232805 
 4236292118355 
 4236292127199 
 4236424517523 
 4236424528281 
 4236562620774 
 4236562628628 
 4236693822768 
 4236693827124 
 4236835900275 
 4236835905522 
 4236966198828 
 4236966203118 
 4237104008676 
 4237104021414 
 4237236201429 
 4237236205092 
 4237373398335 
 4237373407806 
 4237504289832 
 4237504298544 
 4237643242866 
 4237643251545 
 4237773329229 
 4237773341076 
 4237910889333 
 4237910900784 
 4238041050144 
 4238041059780 
 4238177767725 
 4238177776833 
 4238311492899 
 4238311503855 
 4238448768741 
 4238448778608 
 4238580636213 
 4238580649776 
 4238720642541 
 4238720655114 
 4238855171892 
 4238855181099 
 4238997845379 
 4238997857127 
 4239126989328 
 4239127001769 
 4239266972655 
 4239267020274 
 4239399352221 
 4239399367269 
 4239537852066 
 4239537867444 
 4239669777684 
 4239669793062 
 4239806859915 
 4239806871630 
 4239938865789 
 4239938890176 
 4240077447474 
 4240077458331 
 4240209710517 
 4240209721737 
 4240347853599 
 4240347867723 
 4240479143967 
 4240479158355 
 4240617319455 
 4240617330675 
 4240749314901 
 4240749329784 
 4240883923947 
 4240883934243 
 4241016900087 
 4241016905433 
 4241157088443 
 4241157103260 
 4241289176652 
 4241289190611 
 4241425876149 
 4241425907367 
 4241555379204 
 4241555390424 
 4241698911417 
 4241698925244 
 4241830300719 
 4241830314447 
 4241966308932 
 4241966314410 
 4242098231976 
 4242098243493 
 4242240233451 
 4242240246123 
 4242370765413 
 4242370777557 
 4242510195033 
 4242510209949 
 4242642184869 
 4242642195825 
 4242780723984 
 4242780735897 
 4242913457277 
 4242913472259 
 4243050268974 
 4243050282801 
 4243183863996 
 4243183879605 
 4243320107631 
 4243320116541 
 4243452604017 
 4243452608340 
 4243589993478 
 4243590000639 
 4243724931699 
 4243724937243 
 4243859498802 
 4243859503686 
 4243991282289 
 4243991286810 
 4244130301719 
 4244130313071 
 4244263644126 
 4244263650396 
 4244400570234 
 4244400573468 
 4244531438961 
 4244531443020 
 4244670076482 
 4244670080409 
 4244800262340 
 4244800266333 
 4244938075257 
 4244938080108 
 4245069148947 
 4245069156603 
 4245208914771 
 4245208918797 
 4245341005092 
 4245341008854 
 4245479205660 
 4245479210940 
 4245611280273 
 4245611285091 
 4245749524170 
 4245749527800 
 4245881056989 
 4245881061675 
 4246019319432 
 4246019323920 
 4246153909371 
 4246153913430 
 4246289742189 
 4246289751495 
 4246420425555 
 4246420433145 
 4246558720140 
 4246558724397 
 4246692621897 
 4246692625956 
 4246830448872 
 4246830490683 
 4246961827647 
 4246961832564 
 4247102163579 
 4247102195721 
 4247234637360 
 4247234642772 
 4247372842218 
 4247372846244 
 4247503881621 
 4247503891785 
 4247643029850 
 4247643039453 
 4247774644575 
 4247774649261 
 4247912885469 
 4247912889726 
 4248044387730 
 4248044392086 
 4248182819892 
 4248182823918 
 4248315169329 
 4248315174114 
 4248453493944 
 4248453498234 
 4248586554234 
 4248586557600 
 4248725003622 
 4248725008407 
 4248856448463 
 4248856453149 
 4248994177230 
 4248994187658 
 4249126732521 
 4249126735920 
 4249265657307 
 4249265662587 
 4249397035653 
 4249397039316 
 4249536917340 
 4249536920904 
 4249668178371 
 4249668200481 
 4249807508694 
 4249807512291 
 4249938759462 
 4249938764016 
 4250077826082 
 4250077829745 
 4250209038306 
 4250209042596 
 4250346396846 
 4250346401466 
 4250480221812 
 4250480226003 
 4250618923452 
 4250618927445 
 4250748445977 
 4250748460266 
 4250889866355 
 4250889878796 
 4251022336374 
 4251022351851 
 4251160175460 
 4251160185954 
 4251293444178 
 4251293462427 
 4251431754372 
 4251431770278 
 4251564591450 
 4251564605079 
 4251703073112 
 4251703084992 
 4251833870889 
 4251833885442 
 4251972835737 
 4251972848244 
 4252106330835 
 4252106345586 
 4252243014261 
 4252243024557 
 4252376417619 
 4252376429532 
 4252514185293 
 4252514201727 
 4252646673660 
 4252646683659 
 4252784847300 
 4252784858652 
 4252917708501 
 4252917722427 
 4253055838746 
 4253055853563 
 4253188916196 
 4253188930650 
 4253326851081 
 4253326866294 
 4253456006943 
 4253456016084 
 4253597155665 
 4253597169789 
 4253727335418 
 4253727363666 
 4253866798632 
 4253866813614 
 4253999958747 
 4253999973333 
 4254133229544 
 4254133241325 
 4254267830208 
 4254267840570 
 4254407819244 
 4254407835579 
 4254541325925 
