 4045810683354 
 4045822538901 
 4045822543884 
 4045839229608 
 4045839236109 
 4045955753829 
 4045955775543 
 4046101242777 
 4046101259772 
 4046243488848 
 4046243505447 
 4046389288788 
 4046389324560 
 4046535353784 
 4046535369723 
 4046679388620 
 4046679402381 
 4046828110479 
 4046828120643 
 4046974512372 
 4046974520457 
 4047119017425 
 4047119024421 
 4047264550593 
 4047264558579 
 4047411033963 
 4047411041256 
 4047555532614 
 4047555539973 
 4047701965626 
 4047701969289 
 4047848791734 
 4047848812095 
 4047994652988 
 4047994660611 
 4048138981458 
 4048138988619 
 4048284576666 
 4048284583893 
 4048428887943 
 4048428891507 
 4048575709398 
 4048575716955 
 4048730513289 
 4048730516787 
 4048884777894 
 4048884781458 
 4049034370656 
 4049034388707 
 4049183793633 
 4049183812938 
 4049328380196 
 4049328394782 
 4049473149084 
 4049473158192 
 4049618051952 
 4049618056374 
 4049763370422 
 4049763374745 
 4049910058128 
 4049910062121 
 4050055033233 
 4050055036764 
 4050200648670 
 4050200652135 
 4050346768842 
 4050346773132 
 4050493534857 
 4050493538916 
 4050638779704 
 4050638789967 
 4050781164243 
 4050781173252 
 4050928423674 
 4050928429317 
 4051074099402 
 4051074108147 
 4051221204624 
 4051221209805 
 4051366770066 
 4051366775247 
 4051513863276 
 4051513869282 
 4051661609061 
 4051661613549 
 4051814258250 
 4051814261748 
 4051959804585 
 4051959809568 
 4052109101172 
 4052109105660 
 4052256555666 
 4052256559461 
 4052403348543 
 4052403352503 
 4052551362882 
 4052551369812 
 4052697042801 
 4052697047553 
 4052844891117 
 4052844896661 
 4052990359539 
 4052990364060 
 4053136488456 
 4053136492185 
 4053280321002 
 4053280325655 
 4053426481038 
 4053426485097 
 4053574358262 
 4053574362849 
 4053723823710 
 4053723847899 
 4053868150167 
 4053868159044 
 4054012983603 
 4054012988058 
 4054162741200 
 4054162752651 
 4054304377431 
 4054304385318 
 4054450553241 
 4054450560336 
 4054595966817 
 4054595980248 
 4055039880375 
 4055039889813 
 4055048874162 
 4055048881026 
 4055053259202 
 4055053270521 
 4055196691326 
 4055196703371 
 4055348416977 
 4055348429121 
 4055500249779 
 4055500263210 
 4055639020191 
 4055639034480 
 4055785742877 
 4055785758090 
 4055937198324 
 4055937210270 
 4056082587942 
 4056082600482 
 4056226807413 
 4056226814376 
 4056372328635 
 4056372335763 
 4056518101977 
 4056518109204 
 4056664544922 
 4056664554822 
 4056811213488 
 4056811220616 
 4056956618022 
 4056956627724 
 4057099320516 
 4057099332429 
 4057246800750 
 4057246813158 
 4057396041435 
 4057396054173 
 4057542456561 
 4057542463557 
 4057687598052 
 4057687604883 
 4057833623580 
 4057833633843 
 4057981182684 
 4057981201164 
 4058128713606 
 4058128724760 
 4058277378045 
 4058277421275 
 4058423200887 
 4058423207685 
 4058569993797 
 4058570002146 
 4058718961242 
 4058718976950 
 4058865572520 
 4058865581331 
 4059015630318 
 4059015646356 
 4059161580804 
 4059161596677 
 4059307982928 
 4059307994940 
 4059453959913 
 4059453972090 
 4059601187697 
 4059601204725 
 4059748005984 
 4059748018326 
 4059893961585 
 4059893979570 
 4060040259528 
 4060040274378 
 4060187419299 
 4060187433753 
 4060331501721 
 4060331514195 
 4060476789171 
 4060476800028 
 4060622745102 
 4060622748732 
 4060768865043 
 4060768868673 
 4060915370259 
 4060915381116 
 4061063181450 
 4061063189304 
 4061210609709 
 4061210620632 
 4061358235605 
 4061358245802 
 4061504062935 
 4061504068413 
 4061652048399 
 4061652057936 
 4061798482467 
 4061798493819 
 4061945952768 
 4061945963889 
 4062093943116 
 4062093951267 
 4062240812421 
 4062240822321 
 4062387185175 
 4062387194382 
 4062534033921 
 4062534043095 
 4062680375094 
 4062680383806 
 4062827548296 
 4062827555952 
 4062975216432 
 4062975227388 
 4063121467911 
 4063121477877 
 4063267520169 
 4063267530993 
 4063413717528 
 4063413728616 
 4063559713653 
 4063559719758 
 4063706354400 
 4063706363277 
 4063852459689 
 4063852465827 
 4063999592301 
 4063999601145 
 4064146683102 
 4064146693662 
 4064294842707 
 4064294853003 
 4064441909418 
 4064441917635 
 4064588493966 
 4064588498784 
 4064734426071 
 4064734429932 
 4064882106978 
 4064882113776 
 4065030758580 
 4065030767754 
 4065177120312 
 4065177127902 
 4065324500853 
 4065324510489 
 4065471176019 
 4065471180672 
 4065618397599 
 4065618422283 
 4065766101342 
 4065766106523 
 4065913055292 
 4065913058988 
 4066059391086 
 4066059394815 
 4066205678832 
 4066205684706 
 4066352930409 
 4066352937801 
 4066500161262 
 4066500189576 
 4066646713173 
 4066646716803 
 4066793916504 
 4066793920167 
 4066939858542 
 4066939862205 
 4067086540770 
 4067086545951 
 4067233945005 
 4067233950384 
 4067379545394 
 4067379555393 
 4067525649000 
 4067525656722 
 4067672511045 
 4067672519328 
 4067820776679 
 4067820792354 
 4067967023208 
 4067967037530 
 4068113559873 
 4068113566836 
 4068259805544 
 4068259812738 
 4068407061081 
 4068407068077 
 4068556259493 
 4068556268733 
 4068702569811 
 4068702575190 
 4068850307610 
 4068850315233 
 4068997501998 
 4068997511997 
 4069143749319 
 4069143756480 
 4069292344887 
 4069292363367 
 4069437782652 
 4069437800769 
 4069583227512 
 4069583231373 
 4069730431107 
 4069730435232 
 4069875916623 
 4069875921408 
 4070024547303 
 4070024554035 
 4070171429181 
 4070171452677 
 4070318923242 
 4070318932416 
 4070465162610 
 4070465172873 
 4070613149790 
 4070613167478 
 4070759350350 
 4070759368599 
 4070905987797 
 4070905995354 
 4071054377676 
 4071054381339 
 4071201266979 
 4071201270642 
 4071354180366 
 4071354186603 
 4071494460858 
 4071494466567 
 4071642213474 
 4071642218787 
 4071790152672 
 4071790161417 
 4071935840676 
 4071935848728 
 4072082562174 
 4072082570754 
 4072229493453 
 4072229502693 
 4072376576697 
 4072376587620 
 4072525125570 
 4072525134117 
 4072670866539 
 4072670872710 
 4072819876653 
 4072819893714 
 4072966407477 
 4072966421964 
 4073112915003 
 4073112929952 
 4073257777248 
 4073257784343 
 4073404089480 
 4073404093110 
 4073551188465 
 4073551195791 
 4073698660647 
 4073698670316 
 4073844655056 
 4073844664395 
 4073992370415 
 4073992379061 
 4074139179594 
 4074139186656 
 4074289015434 
 4074289029987 
 4074434999745 
 4074435012681 
 4074581473380 
 4074581488098 
 4074728982720 
 4074729002058 
 4074875236080 
 4074875247762 
 4075019726481 
 4075019739615 
 4075166340828 
 4075166348055 
 4075312620819 
 4075312624449 
 4075459770327 
 4075459774551 
 4075604715270 
 4075604726028 
 4075750478382 
 4075750493628 
 4075901709198 
 4075901719164 
 4076048794587 
 4076048802672 
 4076195501697 
 4076195505360 
 4076343564348 
 4076343572433 
 4076489835165 
 4076489838828 
 4076637245703 
 4076637249366 
 4076784242817 
 4076784250077 
 4076931249138 
 4076931256365 
 4077078678024 
 4077078685053 
 4077224407806 
 4077224416947 
 4077372328425 
 4077372341031 
 4077520434603 
 4077520438794 
 4077664008627 
 4077664018692 
 4077813698904 
 4077813755664 
 4077960709482 
 4077960719712 
 4078109106456 
 4078109115762 
 4078258286322 
 4078258290909 
 4078404124542 
 4078404132000 
 4078550731464 
 4078550746677 
 4078696678848 
 4078696688616 
 4078842141726 
 4078842153375 
 4078987578600 
 4078987588467 
 4079135222877 
 4079135231193 
 4079281774293 
 4079281784688 
 4079429408439 
 4079429417118 
 4079581122408 
 4079581135938 
 4079725590336 
 4079725599609 
 4079872251114 
 4079872258044 
 4080019771080 
 4080019778901 
 4080166915902 
 4080166924020 
 4080313571169 
 4080313578198 
 4080459293526 
 4080459300885 
 4080605926089 
 4080605933514 
 4080753040584 
 4080753047745 
 4080900452541 
 4080900459603 
 4081046799357 
 4081046806584 
 4081195152573 
 4081195160295 
 4081342540473 
 4081342556742 
 4081491891510 
 4081491898704 
 4081636718082 
 4081636721943 
 4081783877292 
 4081783885146 
 4081929884340 
 4081929888597 
 4082078289993 
 4082078295141 
 4082223634995 
 4082223638526 
 4082373113643 
 4082373124764 
 4082515986813 
 4082516000046 
 4082663407251 
 4082663417283 
 4082811529038 
 4082811553161 
 4082955502065 
 4082955513945 
 4083102385692 
 4083102397374 
 4083249018090 
 4083249030696 
 4083397473177 
 4083397483176 
 4083543029148 
 4083543044658 
 4083688633596 
 4083688642671 
 4083842496888 
 4083842509428 
 4083985583205 
 4083985589640 
 4084133604969 
 4084133644074 
 4084280314686 
 4084280320725 
 4084428250848 
 4084428259230 
 4084575847803 
 4084575863544 
 4084722961605 
 4084722970251 
 4084870001982 
 4084870012179 
 4085017080177 
 4085017090572 
 4085164126263 
 4085164134711 
 4085312488191 
 4085312491854 
 4085460532923 
 4085460536685 
 4085607861522 
 4085607879606 
 4085755106037 
 4085755120854 
 4085902541061 
 4085902548552 
 4086049837617 
 4086049845108 
 4086198760215 
 4086198767409 
 4086344343510 
 4086344355027 
 4086491925945 
 4086491935581 
 4086636891282 
 4086636901347 
 4086782075970 
 4086782091051 
 4086937180755 
 4086937196001 
 4087075976907 
 4087075988787 
 4087223541885 
 4087223550300 
 4087369810194 
 4087369821810 
 4087516449951 
 4087516459488 
 4087666353672 
 4087666364529 
 4087814756619 
 4087814765760 
 4087965547842 
 4087965563286 
 4088111779092 
 4088111794965 
 4088258359086 
 4088258374134 
 4088404694682 
 4088404709697 
 4088551845741 
 4088551853001 
 4088699164737 
 4088699179323 
 4088845366155 
 4088845374768 
 4088992663569 
 4088992671522 
 4089138938313 
 4089138946101 
 4089287221866 
 4089287227839 
 4089434602704 
 4089434607621 
 4089581603448 
 4089581609223 
 4089729648576 
 4089729655308 
 4089877623447 
 4089877629750 
 4090023732960 
 4090023743619 
 4090173687303 
 4090173700470 
 4090320725733 
 4090320736326 
 4090466626653 
 4090466638368 
 4090611161868 
 4090611168897 
 4090757588841 
 4090757596134 
 4090905156162 
 4090905159957 
 4091056395591 
 4091056404699 
 4091196739311 
 4091196754491 
 4091343548721 
 4091343564594 
 4091491566393 
 4091491583619 
 4091641548423 
 4091641564065 
 4091790474948 
 4091790478941 
 4091936694879 
 4091936705274 
 4092082701729 
 4092082712520 
 4092231363594 
 4092231370062 
 4092374841687 
 4092374855976 
 4092522937107 
 4092522952155 
 4092669799680 
 4092669810240 
 4092820158900 
 4092820169064 
 4092962231193 
 4092962243931 
 4093110913617 
 4093110924441 
 4093259883174 
 4093259893107 
 4093408498245 
 4093408506033 
 4093553342571 
 4093553349633 
 4093699782051 
 4093699789113 
 4093847785269 
 4093847791539 
 4093994443506 
 4093994448918 
 4094141973306 
 4094141977860 
 4094287784334 
 4094287800042 
 4094437436001 
 4094437480617 
 4094585966130 
 4094585969760 
 4094731711224 
 4094731715547 
 4094878774140 
 4094878778397 
 4095026718123 
 4095026725614 
 4095172799355 
 4095172814370 
 4095320367303 
 4095320377071 
 4095466510113 
 4095466518627 
 4095614785845 
 4095614820429 
 4095761774577 
 4095761781639 
 4095909230589 
 4095909239400 
 4096055427024 
 4096055436198 
 4096200456777 
 4096200468591 
 4096348361787 
 4096348371951 
 4096494405201 
 4096494417180 
 4096640693112 
 4096640703969 
 4096790171463 
 4096790178195 
 4096938143166 
 4096938153231 
 4097086046889 
 4097086057020 
 4097232515871 
 4097232536925 
 4097379319737 
 4097379327129 
 4097526703083 
 4097526707373 
 4097675087682 
 4097675094876 
 4097822506470 
 4097822510100 
 4097970106329 
 4097970109959 
 4098117391599 
 4098117401301 
 4098265389867 
 4098265394916 
 4098411607257 
 4098411611085 
 4098558699312 
 4098558703239 
 4098706573467 
 4098706581519 
 4098855337863 
 4098855344925 
 4099002144171 
 4099002150144 
 4099149743832 
 4099149748353 
 4099296925086 
 4099296929871 
 4099444219299 
 4099444222896 
 4099591737978 
 4099591741740 
 4099740196002 
 4099740199632 
 4099885512195 
 4099885516122 
 4100032850166 
 4100032853829 
 4100181413592 
 4100181429795 
 4100328493701 
 4100328497595 
 4100476003767 
 4100476007430 
 4100622239802 
 4100622244356 
 4100770987203 
 4100770991526 
 4100919043650 
 4100919047478 
 4101066068055 
 4101066076734 
 4101215397345 
 4101215410281 
 4101362573946 
 4101362585694 
 4101508433913 
 4101508448301 
 4101654431886 
 4101654441984 
 4101802081542 
 4101802090287 
 4101949552041 
 4101949555704 
 4102096538034 
 4102096550706 
 4102243157232 
 4102243171917 
 4102390618359 
 4102390625916 
 4102538961840 
 4102538970321 
 4102686079140 
 4102686086400 
 4102833072690 
 4102833079785 
 4102980266814 
 4102980273810 
 4103127847236 
 4103127854430 
 4103275926915 
 4103275931403 
 4103423966334 
 4103423973297 
 4103570331564 
 4103570335293 
 4103718031116 
 4103718038211 
 4103866332720 
 4103866339815 
 4104013172787 
 4104013176747 
 4104161450235 
 4104161457528 
 4104308891166 
 4104308901462 
 4104455891679 
 4104455899566 
 4104602390262 
 4104602397423 
 4104746828292 
 4104746837367 
 4104893661693 
 4104893667732 
 4105040272905 
 4105040281584 
 4105191559194 
 4105191568335 
 4105339506939 
 4105339513968 
 4105487348127 
 4105487447160 
 4105636352697 
 4105636366755 
 4105778439213 
 4105778445945 
 4105926067056 
 4105926075075 
 4106072136243 
 4106072143800 
 4106220870840 
 4106220878562 
 4106367548976 
 4106367554982 
 4106513960406 
 4106513966148 
 4106661505782 
 4106661514791 
 4106808075117 
 4106808084819 
 4106957063055 
 4106957071503 
 4107103759341 
 4107103764093 
 4107251716326 
 4107251724180 
 4107399612063 
 4107399620511 
 4107546486747 
 4107546494568 
 4107694685886 
 4107694693740 
 4107840513414 
 4107840522555 
 4107988039848 
 4107988047405 
 4108133998452 
 4108134005349 
 4108281987942 
 4108281995928 
 4108429036635 
 4108429042872 
 4108577132253 
 4108577136015 
 4108724302353 
 4108724306577 
 4108873474101 
 4108873482417 
 4109021085972 
 4109021093166 
 4109168433843 
 4109168440806 
 4109317638492 
 4109317654398 
 4109464903896 
 4109464917822 
 4109611409772 
 4109611430265 
 4109759914260 
 4109759924325 
 4109906993676 
 4109907006381 
 4110052506450 
 4110052510179 
 4110200304540 
 4110200313516 
 4110350696859 
 4110350709069 
 4110497320281 
 4110497334768 
 4110645138303 
 4110645152328 
 4111084139613 
 4111084150668 
 4111089660348 
 4111089670149 
 4111101240873 
 4111101262587 
 4111238185329 
 4111238242749 
 4111383176901 
 4111383291246 
 4111530364524 
 4111530379671 
 4111680103773 
 4111680119283 
 4111826312385 
 4111826322351 
 4111979746743 
 4111979764893 
 4112126635023 
 4112126651952 
 4112275288044 
 4112275302960 
 4112422176489 
 4112422189458 
 4112568961314 
 4112568976824 
 4112716865367 
 4112716877247 
 4112864338737 
 4112864349462 
 4113011610609 
 4113011627076 
 4113159627390 
 4113159641778 
 4113307448019 
 4113307473858 
 4113455993526 
 4113456007881 
 4113604697664 
 4113604712877 
 4113752892414 
 4113752915184 
 4113899421093 
 4113899436141 
 4114046820807 
 4114046835459 
 4114190687145 
 4114190694669 
 4114340023926 
 4114340041581 
 4114486368729 
 4114486381401 
 4114633930407 
 4114633942221 
 4114781753214 
 4114781768130 
 4114928113494 
 4114928130885 
 4115076379854 
 4115076390975 
 4115224606515 
 4115224626051 
 4115373232971 
 4115373248844 
 4115521699080 
 4115521721652 
 4115669004051 
 4115669029593 
 4115816090463 
 4115816105115 
 4115963645739 
 4115963657256 
 4116112759869 
 4116112771749 
 4116260727612 
 4116260748369 
 4116405719217 
 4116405730305 
 4116555440184 
 4116555454803 
 4116701384301 
 4116701396544 
 4116851255088 
 4116851264988 
 4116998869863 
 4116998882832 
 4117146644919 
 4117146662277 
 4117295191647 
 4117295207586 
 4117441483386 
 4117441500348 
 4117586282535 
 4117586290917 
 4117732091352 
 4117732097193 
 4117877882613 
 4117877896407 
 4118027853720 
 4118027866227 
 4118176504299 
 4118176517895 
 4118326460391 
 4118326474482 
 4118765054349 
 4118765065074 
 4118769840108 
 4118769843177 
 4118774628210 
 4118774630784 
 4118925311820 
 4118925328914 
 4119072181290 
