 3325019860074 
 3325037024463 
 3325037031096 
 3326534058210 
 3326534075205 
 3328020939111 
 3328020962541 
 3329514305205 
 3329514346092 
 3331002601476 
 3331002618999 
 3332497156230 
 3332497170948 
 3333985870545 
 3333985878399 
 3335476140414 
 3335476149060 
 3336966060252 
 3336966087510 
 3338453977749 
 3338454003060 
 3339943757238 
 3339943883694 
 3341431543395 
 3341431572435 
 3342919870191 
 3342919896789 
 3344408570184 
 3344408597178 
 3345897031653 
 3345897057657 
 3347385944958 
 3347385975087 
 3348875383524 
 3348875415765 
 3350361432462 
 3350361463482 
 3351850741932 
 3351850772985 
 3353337866208 
 3353337891321 
 3354826282038 
 3354826307217 
 3356314831419 
 3356314857456 
 3357802964109 
 3357802993380 
 3359290202664 
 3359290233387 
 3360780163983 
 3360780195861 
 3362266423890 
 3362266452633 
 3363757005741 
 3363757038015 
 3365243132625 
 3365243162391 
 3366731168460 
 3366731197104 
 3368221992993 
 3368222010648 
 3369710683218 
 3369710705031 
 3371197926954 
 3371197954971 
 3372687829071 
 3372687848442 
 3374173614042 
 3374173639716 
 3375665849490 
 3375665872722 
 3377151336537 
 3377151366039 
 3378643628910 
 3378643648050 
 3380128898487 
 3380128927362 
 3381619029162 
 3381619056255 
 3383106380808 
 3383106409287 
 3384596003019 
 3384596034897 
 3386083334700 
 3386083359945 
 3387572730102 
 3387572782374 
 3389058775740 
 3389058803658 
 3390549491670 
 3390549632382 
 3392035225656 
 3392035255653 
 3393524345343 
 3393524392995 
 3395011884396 
 3395011910763 
 3396502027512 
 3396502053219 
 3397988058663 
 3397988075988 
 3399479057403 
 3399479088423 
 3400965594708 
 3400965633879 
 3402455442639 
 3402455468379 
 3403942203453 
 3403942228071 
 3405432736464 
 3405432762732 
 3406920367686 
 3406920394515 
 3408409261290 
 3408409282542 
 3409896582213 
 3409896607854 
 3411387483504 
 3411387517032 
 3412873044900 
 3412873088493 
 3414363033873 
 3414363080040 
 3415850466963 
 3415850516727 
 3417340183224 
 3417340211901 
 3418827348420 
 3418827391518 
 3420316904499 
 3420316933242 
 3421804142790 
 3421804168002 
 3423292848393 
 3423292876344 
 3424780690419 
 3424780730184 
 3426269465355 
 3426269490864 
 3427757441031 
 3427757482974 
 3429245607678 
 3429245638533 
 3430735121913 
 3430735140756 
 3432222319317 
 3432222343374 
 3433710479364 
 3433710516885 
 3435198666735 
 3435198693564 
 3436686026334 
 3436686051315 
 3438174910038 
 3438174935778 
 3439661972967 
 3439662004416 
 3441151035531 
 3441151064868 
 3442636766316 
 3442636798128 
 3444127351731 
 3444127382883 
 3445613292561 
 3445613320446 
 3447102612822 
 3447102638826 
 3448589611665 
 3448589639253 
 3450078618459 
 3450078644892 
 3451565980401 
 3451566017361 
 3453055297263 
 3453055479819 
 3454541189748 
 3454541215191 
 3456031773315 
 3456031800210 
 3457518027513 
 3457518256104 
 3459007693977 
 3459007719519 
 3460495265502 
 3460495296423 
 3461985711129 
 3461985740994 
 3463473577212 
 3463473603876 
 3464963619150 
 3464963658156 
 3466451458899 
 3466451484276 
 3467940479322 
 3467940502917 
 3469428361773 
 3469428387711 
 3470917526538 
 3470917549539 
 3472403923560 
 3472403937915 
 3473892728163 
 3473892757929 
 3475380348660 
 3475380376380 
 3476871178704 
 3476871198867 
 3478356382743 
 3478356410265 
 3479848256247 
 3479848284231 
 3481333765569 
 3481333795335 
 3482825685438 
 3482825728173 
 3484311158592 
 3484311184728 
 3485801459712 
 3485801508519 
 3487288568907 
 3487288596792 
 3488778432414 
 3488778457989 
 3490264834551 
 3490264862535 
 3491755080825 
 3491755108248 
 3493240631595 
 3493240660008 
 3494730103458 
 3494730138405 
 3496217383065 
 3496217410983 
 3497707021347 
 3497707047780 
 3499194415035 
 3499194448200 
 3500684523765 
 3500684568777 
 3502172362293 
 3502172388825 
 3503662721163 
 3503662965198 
 3505150053603 
 3505150080003 
 3506639553120 
 3506639578728 
 3508126886022 
 3508126917636 
 3509615826189 
 3509615852061 
 3511102791999 
 3511102821468 
 3512591900796 
 3512591925876 
 3514079037084 
 3514079063715 
 3515568545379 
 3515568571482 
 3517055845116 
 3517055882505 
 3518545888176 
 3518545915632 
 3520033397265 
 3520033440561 
 3521522653473 
 3521522682513 
 3523011215559 
 3523011261000 
 3524500611390 
 3524500642806 
 3525987863046 
 3525987905748 
 3527477931615 
 3527477964054 
 3528965699622 
 3528965722029 
 3530455011303 
 3530455054995 
 3531942642591 
 3531942671961 
 3533431892925 
 3533431927608 
 3534918457191 
 3534918487683 
 3536407902126 
 3536407942485 
 3537893870115 
 3537893898198 
 3539387591454 
 3539387613003 
 3540870762396 
 3540870789225 
 3542360630853 
 3542360658771 
 3543848123409 
 3543848150304 
 3545338249299 
 3545338276590 
 3546825671961 
 3546825703806 
 3548315601798 
 3548315626020 
 3549802730892 
 3549802763595 
 3551292233082 
 3551292270141 
 3552777662115 
 3552777688218 
 3554268080187 
 3554268110382 
 3555754413882 
 3555754444902 
 3557243189808 
 3557243214591 
 3558732657084 
 3558732691338 
 3560221196169 
 3560221223460 
 3561708646815 
 3561708675228 
 3563196807918 
 3563196827652 
 3564684498078 
 3564684533916 
 3566173160649 
 3566173186356 
 3567660289809 
 3567660316341 
 3569151343527 
 3569151373689 
 3570637088370 
 3570637113351 
 3572124929637 
 3572124971943 
 3573611764833 
 3573611804136 
 3575101198185 
 3575101226598 
 3576586821126 
 3576586841586 
 3578076438717 
 3578076456636 
 3579563247612 
 3579563276850 
 3581051457093 
 3581051477487 
 3582538260411 
 3582538314960 
 3584028689934 
 3584028716136 
 3585515527968 
 3585515554863 
 3587005534662 
 3587005560930 
 3588491914227 
 3588491940891 
 3589980982104 
 3589981011210 
 3591468105588 
 3591468132714 
 3592957096476 
 3592957125615 
 3594444567318 
 3594444591144 
 3596365804251 
 3596365847052 
 3597851428149 
 3597851448180 
 3599341895820 
 3599341937796 
 3600828386529 
 3600828406692 
 3602316400188 
 3602316430086 
 3603804102657 
 3603804115560 
 3605294178519 
 3605294193072 
 3606781523565 
 3606781547424 
 3608273169930 
 3608273177883 
 3609762763134 
 3609762790095 
 3611250188238 
 3611250206784 
 3612736396335 
 3612736419105 
 3614224176189 
 3614224188102 
 3615711253605 
 3615711280797 
 3617199075666 
 3617199083784 
 3618684262017 
 3618684288417 
 3620171536476 
 3620171577033 
 3621660194823 
 3621660205449 
 3623146391865 
 3623146421400 
 3624632820600 
 3624632851389 
 3626123213097 
 3626123240553 
 3627608990577 
 3627609019287 
 3629096937510 
 3629096966748 
 3630584800920 
 3630584830785 
 3632072920806 
 3632072967963 
 3633560484576 
 3633560511966 
 3635050667556 
 3635050692636 
 3636537547137 
 3636537573075 
 3638025480705 
 3638025500670 
 3639517408725 
 3639517428228 
 3641005199205 
 3641005214022 
 3642490110039 
 3642490138980 
 3643980133860 
 3643980175671 
 3645466212729 
 3645466240581 
 3646957225758 
 3646957250409 
 3648442922289 
 3648442947633 
 3649932800448 
 3649932824868 
 3651419410089 
 3651419498892 
 3652909832187 
 3652909859643 
 3654397752192 
 3654397780968 
 3655886826966 
 3655886851287 
 3657373826634 
 3657373866696 
 3658863790725 
 3658863820689 
 3660350177154 
 3660350207085 
 3661839616017 
 3661839642186 
 3663326791839 
 3663326819394 
 3664816619640 
 3664816660428 
 3666304088964 
 3666304118070 
 3667793832813 
 3667793864526 
 3669281414997 
 3669281445819 
 3670770464394 
 3670770497427 
 3672257708592 
 3672257738325 
 3673747504086 
 3673747534050 
 3675234181311 
 3675234203850 
 3676723647399 
 3676723673997 
 3678210619974 
 3678210649047 
 3679700770746 
 3679700798895 
 3681188146416 
 3681188175423 
 3682677903630 
 3682677939369 
 3684164884290 
 3684164910723 
 3685654716315 
 3685654742880 
 3687141825807 
 3687141853461 
 3688631656875 
 3688631682945 
 3690118246056 
 3690118279485 
 3691607157678 
 3691607192130 
 3693096505857 
 3693096531201 
 3694585997586 
 3694586024547 
 3696072904689 
 3696072921255 
 3697560284055 
 3697560326823 
 3699048748857 
 3699048780042 
 3700539215076 
 3700539244446 
 3702025604046 
 3702025630017 
 3703515808311 
 3703515852003 
 3705003037989 
 3705003064851 
 3706492572255 
 3706492598226 
 3707979841302 
 3707979869121 
 3709469517204 
 3709469541855 
 3710956522284 
 3710956562280 
 3712445734668 
 3712445763378 
 3713933069220 
 3713933096412 
 3715421787858 
 3715421821749 
 3716908633548 
 3716908665657 
 3718398453627 
 3718398480258 
 3719885294598 
 3719885323374 
 3721375199421 
 3721375250868 
 3722862399861 
 3722862425271 
 3724352161959 
 3724352194893 
 3725839199016 
 3725839241949 
 3727328824230 
 3727328851356 
 3728815762419 
 3728815794429 
 3730305203757 
 3730305228474 
 3731791266654 
 3731791295133 
 3733280708058 
 3733280735481 
 3734767087854 
 3734767114452 
 3736257089862 
 3736257134610 
 3737744072073 
 3737744107416 
 3739233381741 
 3739233408504 
 3740720527368 
 3740720554329 
 3742209815520 
 3742209843141 
 3743699380179 
 3743699407272 
 3745189106142 
 3745189123797 
 3746673209565 
 3746673234645 
 3748163322816 
 3748163351064 
 3749650356408 
 3749650399242 
 3751140455271 
 3751140481242 
 3752628083391 
 3752628108834 
 3754118486679 
 3754118515191 
 3755605691178 
 3755605718568 
 3757095224256 
 3757095250986 
 3758582205510 
 3758582235804 
 3760071596688 
 3760071623220 
 3761558745978 
 3761558779770 
 3763048110228 
 3763048135935 
 3764535406863 
 3764535433098 
 3766024691187 
 3766024721349 
 3767511650067 
 3767511679272 
 3769001303991 
 3769001345241 
 3770488121961 
 3770488169250 
 3771978035991 
 3771978062952 
 3773465537721 
 3773465566794 
 3774956104128 
 3774956128482 
 3776443395285 
 3776443421619 
 3777933592224 
 3777933623178 
 3779421063594 
 3779421091512 
 3780911148432 
 3780911174304 
 3782398562679 
 3782398591620 
 3783888190830 
 3783888218451 
 3785374361769 
 3785374382130 
 3786864669390 
 3786864696483 
 3788352040737 
 3788352064134 
 3789841464387 
 3789841498047 
 3791328479862 
 3791328507747 
 3792818061252 
 3792818123061 
 3794305746990 
 3794305772928 
 3795795733092 
 3795795767082 
 3797283106089 
 3797283132489 
 3798772884192 
 3798772919733 
 3800260109877 
 3800260134990 
 3801749740800 
 3801749771127 
 3803237146302 
 3803237174979 
 3804725479137 
 3804725504712 
 3806214130125 
 3806214157515 
 3807702210213 
 3807702255225 
 3809189798469 
 3809189825529 
 3810681732198 
 3810681752097 
 3812168038800 
 3812168066685 
 3813656252901 
 3813656286693 
 3815144510034 
 3815144536368 
 3816634595268 
 3816634631172 
 3818120852700 
 3818120883225 
 3819612177480 
 3819612201834 
 3821097428016 
 3821097454614 
 3822587864436 
 3822587892981 
 3824074996599 
 3824075024253 
 3825564727050 
 3825564759984 
 3827052103941 
 3827052133410 
 3828541380840 
 3828541408626 
 3830028453372 
 3830028479805 
 3831517986384 
 3831518015193 
 3833005077726 
 3833005104984 
 3834495099369 
 3834495138804 
 3835981615191 
 3835981640898 
 3837472022175 
 3837472050522 
 3838959428139 
 3838959457311 
 3840449029065 
 3840449076123 
 3841936504197 
 3841936532544 
 3843426389847 
 3843426418722 
 3844913652459 
 3844913677737 
 3846403498047 
 3846403523820 
 3847890684627 
 3847890709839 
 3849380236515 
 3849380268855 
 3850867119495 
 3850867147050 
 3852356541858 
 3852356577432 
 3853843770216 
 3853843799520 
 3855333065496 
 3855333097803 
 3856820121000 
 3856820169246 
 3858309882933 
 3858309907287 
 3859796948997 
 3859796976453 
 3861286463067 
 3861286490721 
 3862772947869 
 3862772972091 
 3864263029176 
 3864263054619 
 3865750240242 
 3865750269513 
 3867238713525 
 3867238740453 
 3868728495819 
 3868728524991 
 3870217709325 
 3870217742457 
 3871704545973 
 3871704565377 
 3873191897091 
 3873191924085 
 3874680453534 
 3874680482013 
 3876169399509 
 3876169427361 
 3877656940839 
 3877656978525 
 3879147292878 
 3879147318024 
 3880634928489 
 3880634956836 
 3882125312802 
 3882125337915 
 3883612573533 
 3883612601847 
 3885102245739 
 3885102295041 
 3886588564320 
 3886588587948 
 3888079112115 
 3888079146435 
 3889566426834 
 3889566462771 
 3891056210052 
 3891056236518 
 3892542989181 
 3892543011621 
 3894033105204 
 3894033134343 
 3895520359533 
 3895520392038 
 3897009811695 
 3897009848919 
 3898497439914 
 3898497471627 
 3899986725525 
 3899986754334 
 3901474139805 
 3901474166799 
 3902965054791 
 3902965080498 
 3904451905497 
 3904451932458 
 3905942047689 
 3905942076135 
 3907429190214 
 3907429215756 
 3908919216708 
 3908919253371 
 3910406613564 
 3910406643990 
 3911896155915 
 3911896183437 
 3913383061533 
 3913383087108 
 3914872940484 
 3914872968831 
 3916359880356 
 3916359927579 
 3917849465673 
 3917849491017 
 3919336314201 
 3919336340205 
 3920825682279 
 3920825708811 
 3922312596444 
 3922312638684 
 3923802384018 
 3923802430647 
 3925289608878 
 3925289648775 
 3926779237986 
 3926779297617 
 3928266326490 
 3928266360711 
 3929755969755 
 3929755994835 
 3931243557021 
 3931243585401 
 3932733828639 
 3932734202232 
 3934221467187 
 3934221492762 
 3935711331420 
 3935711355741 
 3937200100449 
 3937200125529 
 3938691477501 
 3938691507498 
 3940178711469 
 3940178741895 
 3941668816173 
 3941668847820 
 3943155986649 
 3943156032486 
 3944645665554 
 3944645691195 
 3946133260212 
 3946133293377 
 3947622622020 
 3947622650730 
 3949109717619 
 3949109742765 
 3950599792623 
 3950599819749 
 3952087966959 
 3952087991742 
 3953579024934 
 3953579051598 
 3955066242039 
 3955066261476 
 3956553542898 
 3956553582531 
 3958042736043 
 3958042754094 
 3959530322682 
 3959530350072 
 3961017229455 
 3961017255228 
 3962506960467 
 3962506989243 
 3963994233804 
 3963994261953 
 3965483786583 
 3965483824995 
 3966970734573 
 3966970763844 
 3968460098526 
 3968460125817 
 3969946877754 
 3969946927518 
 3971436133566 
 3971436166005 
 3972922651830 
 3972922695984 
 3974412069573 
 3974412098877 
 3975899228928 
 3975899256153 
 3977388617169 
 3977388645582 
 3978875698545 
 3978875724780 
 3980365699035 
 3980365725237 
 3981852644715 
 3981852662106 
 3983344403511 
 3983344415424 
 3984831347772 
 3984831387405 
 3986324690964 
 3986324718486 
 3987811128180 
 3987811157583 
 3989299522098 
 3989299549554 
 3990789464244 
 3990789491997 
 3992278241952 
 3992278270332 
 3993764099853 
 3993764121006 
 3995255922372 
 3995255948904 
 3996741468720 
 3996741517923 
 3998231129079 
 3998231168151 
 3999718204020 
 3999718240254 
 4001206768548 
 4001206794486 
 4002693877776 
 4002693907080 
 4004182706601 
 4004182729932 
 4005670684752 
 4005670736562 
 4007160217500 
 4007160254163 
 4008647672535 
 4008647696658 
 4010136189543 
 4010136216339 
 4011622779318 
 4011622807566 
 4013114811090 
 4013114830164 
 4014600961998 
 4014601106505 
 4016089266519 
 4016089300113 
 4017577685814 
 4017577713402 
 4019066271264 
 4019066296344 
 4020553189785 
 4020553215129 
 4022043301155 
 4022043341844 
 4023530446947 
 4023530474436 
 4025020200828 
 4025020229208 
 4026507792516 
 4026507826407 
 4027996545507 
 4027996591839 
 4029483003546 
 4029483042024 
 4030972409838 
 4030972436238 
 4032459407757 
 4032459432474 
 4033948266942 
 4033948304298 
 4035434792334 
 4035434827248 
 4036925147310 
 4036925176020 
 4038410689236 
 4038410709729 
 4039900793247 
 4039900839051 
 4041386817831 
 4041386845386 
 4042876518483 
 4042876542441 
 4044363599364 
 4044363626622 
 4045853436075 
 4045853742711 
 4047339981432 
 4047340011363 
 4048830100557 
 4048830139431 
 4050317165268 
 4050317193087 
 4051806511863 
 4051806536712 
 4053293996301 
 4053294022305 
 4054783133511 
 4054783161495 
 4056272299431 
 4056272327250 
 4057761752055 
 4057761785187 
 4059248597349 
 4059248623155 
 4060735723011 
 4060735751853 
 4062224432607 
 4062224456862 
 4063713088578 
 4063713113757 
 4065200071911 
 4065200098773 
 4066689653796 
 4066689678414 
 4068177255450 
