 2627532807966 
 2627550509001 
 2627550515040 
 2628951418896 
 2628951432030 
 2630339663688 
 2630339672235 
 2631740576652 
 2631740598828 
 2633131352181 
 2633131374753 
 2634523349832 
 2634523397451 
 2635919096514 
 2635919123706 
 2637311762613 
 2637311795547 
 2638700936619 
 2638700944869 
 2640092899455 
 2640092921367 
 2641483536318 
 2641483558758 
 2642935363332 
 2642935374882 
 2644332130902 
 2644332152154 
 2645720627583 
 2645720667909 
 2647123120587 
 2647123145568 
 2648512889748 
 2648512903905 
 2649905445825 
 2649905455560 
 2651298069651 
 2651298086745 
 2652689961867 
 2652689973846 
 2654078434557 
 2654078446734 
 2655471551733 
 2655471560841 
 2656863933174 
 2656863957891 
 2658258392295 
 2658258416451 
 2659649938341 
 2659649957052 
 2661041867418 
 2661041906061 
 2662435566681 
 2662435594005 
 2663828763684 
 2663828782329 
 2665222586433 
 2665222610589 
 2666616681135 
 2666616715224 
 2668007240844 
 2668007267706 
 2669401726332 
 2669401750323 
 2670798526737 
 2670798553170 
 2672189895210 
 2672189910522 
 2673582140031 
 2673582163230 
 2674975321128 
 2674975334955 
 2676362811045 
 2676362818668 
 2677752986700 
 2677752995973 
 2679150451197 
 2679150472911 
 2680537395756 
 2680537407801 
 2681930337438 
 2681930350077 
 2683322262984 
 2683322276184 
 2684718198822 
 2684718237399 
 2686113083577 
 2686113107469 
 2687508239394 
 2687508262989 
 2688901978686 
 2688901999377 
 2690294913570 
 2690294936538 
 2691687789252 
 2691687811626 
 2693082083010 
 2693082124524 
 2694474596748 
 2694474620244 
 2695869544830 
 2695869569349 
 2697262925280 
 2697262947720 
 2698656191484 
 2698656213759 
 2700050982453 
 2700051005256 
 2701442596545 
 2701442619051 
 2702835366297 
 2702835390255 
 2704230705759 
 2704230727770 
 2705622972129 
 2705622993942 
 2707017503025 
 2707017847875 
 2708410698708 
 2708410722336 
 2709806539176 
 2709806562012 
 2711195288208 
 2711195323716 
 2712588973644 
 2712588995556 
 2713982823981 
 2713982853021 
 2715376409295 
 2715376432527 
 2716771048695 
 2716771073478 
 2718163909329 
 2718163932363 
 2719557983967 
 2719558007133 
 2720952554397 
 2720952578949 
 2722346427537 
 2722346449515 
 2723739724530 
 2723739749181 
 2725134230808 
 2725134254898 
 2726529146979 
 2726529170772 
 2727923180532 
 2727923204721 
 2729317347240 
 2729317403406 
 2730711404586 
 2730711430392 
 2732105168793 
 2732105207733 
 2733499372230 
 2733499396056 
 2734893923718 
 2734893959754 
 2736291048282 
 2736291070590 
 2737685172651 
 2737685197599 
 2739080712654 
 2739080736810 
 2740475068914 
 2740475093268 
 2741869874403 
 2741869902915 
 2743263745497 
 2743263772062 
 2744657272533 
 2744657285205 
 2746050771024 
 2746050795411 
 2747445858102 
 2747445882192 
 2748841471266 
 2748841495059 
 2750236235142 
 2750236259133 
 2751630508671 
 2751630537348 
 2753025380325 
 2753025403689 
 2754419501559 
 2754419523603 
 2755814167590 
 2755814190525 
 2757207452175 
 2757207475473 
 2758601974920 
 2758602012837 
 2759996658804 
 2759996681805 
 2761389859206 
 2761389881712 
 2762784330174 
 2762784362019 
 2764178770848 
 2764178795169 
 2765572825884 
 2765572850040 
 2766968247846 
 2766968272167 
 2768362229160 
 2768362272126 
 2769758763816 
 2769758788764 
 2771151665040 
 2771151687348 
 2772545975595 
 2772545997540 
 2773940627865 
 2773940650008 
 2775335044020 
 2775335066955 
 2776729436910 
 2776729459416 
 2778118345596 
 2778118357674 
 2779505914482 
 2779505933226 
 2780893664538 
 2780893682457 
 2782281098256 
 2782281114756 
 2783670565005 
 2783670583584 
 2785059762309 
 2785059774222 
 2786449972779 
 2786449990005 
 2787843572382 
 2787843594261 
 2789238352395 
 2789238375462 
 2790633280083 
 2790633319749 
 2792028290733 
 2792028313470 
 2793422819979 
 2793422842650 
 2794818885210 
 2794818908310 
 2796212024100 
 2796212047233 
 2797605052704 
 2797605098310 
 2798999835687 
 2798999859150 
 2800394644872 
 2800394667609 
 2801789308890 
 2801789331990 
 2803183238196 
 2803183259448 
 2804578801827 
 2804578823838 
 2805973429017 
 2805973452513 
 2807368076601 
 2807368099932 
 2808763205127 
 2808763235916 
 2810157934584 
 2810157959004 
 2811551309754 
 2811551332590 
 2812945933875 
 2812945957437 
 2814338834208 
 2814338850741 
 2815731434538 
 2815731485193 
 2817128004900 
 2817128029980 
 2818523227278 
 2818523250246 
 2819917613040 
 2819917643532 
 2821312466313 
 2821312504263 
 2822706869301 
 2822706906129 
 2824101050793 
 2824101074289 
 2825494527570 
 2825494567665 
 2826887920329 
 2826887954946 
 2828281667211 
 2828281687143 
 2829675750891 
 2829675781680 
 2831069915454 
 2831069965548 
 2832464487468 
 2832464510766 
 2833858584810 
 2833858615302 
 2835252226554 
 2835252262689 
 2836647114279 
 2836647138303 
 2838040522911 
 2838040547232 
 2839435502211 
 2839435624179 
 2840829502038 
 2840829525963 
 2842223776293 
 2842223801208 
 2843617375104 
 2843617399392 
 2845011770964 
 2845011797001 
 2846406511938 
 2846406534675 
 2847801298320 
 2847801328185 
 2849195430873 
 2849195453973 
 2850589123008 
 2850589155183 
 2851984329447 
 2851984353339 
 2853378363825 
 2853378389103 
 2854772646429 
 2854772675766 
 2856167039385 
 2856167062221 
 2857562653935 
 2857562694426 
 2858955997590 
 2858956022340 
 2860350905412 
 2860350928644 
 2861745524352 
 2861745547980 
 2863139477484 
 2863139499627 
 2864533801074 
 2864533823646 
 2865928231056 
 2865928254354 
 2867322385158 
 2867322409875 
 2868718714158 
 2868718739436 
 2870112460611 
 2870112494997 
 2871507481161 
 2871507506868 
 2872900611636 
 2872900637970 
 2874294887145 
 2874294920937 
 2875689135825 
 2875689160113 
 2877082959432 
 2877082981179 
 2878478164287 
 2878478187387 
 2879873287764 
 2879873311557 
 2881266815394 
 2881266849516 
 2882660443245 
 2882660466444 
 2884054174221 
 2884054191579 
 2885447726205 
 2885447748513 
 2886841930302 
 2886841952610 
 2888237460867 
 2888237482977 
 2889632850918 
 2889632889990 
 2891025656178 
 2891025677958 
 2892420130578 
 2892420164304 
 2893813554192 
 2893813577622 
 2895207675525 
 2895207699285 
 2896601984595 
 2896602007530 
 2897996641650 
 2897996668512 
 2899392742521 
 2899392760209 
 2900782404762 
 2900782426212 
 2902175991429 
 2902176029478 
 2903570210046 
 2903570235027 
 2904965148063 
 2904965172120 
 2906359741626 
 2906359765188 
 2907754055415 
 2907754080132 
 2909151057582 
 2909151081969 
 2910543611019 
 2910543633723 
 2911937985330 
 2911938008496 
 2913329763927 
 2913329785212 
 2914722692310 
 2914722921297 
 2916117207432 
 2916117229971 
 2917511224023 
 2917511247288 
 2918904892926 
 2918904915960 
 2920299184572 
 2920299208266 
 2921693657586 
 2921693679663 
 2923088401695 
 2923088426841 
 2924482626120 
 2924482647966 
 2925876524505 
 2925876547143 
 2927270754573 
 2927270776749 
 2928666365163 
 2928666388329 
 2930060150820 
 2930060179530 
 2931453512097 
 2931453535758 
 2932847594985 
 2932847617260 
 2934241805550 
 2934241827726 
 2935635778746 
 2935635801417 
 2937029718480 
 2937029742009 
 2938426313295 
 2938426336230 
 2939819307084 
 2939819331306 
 2941213711986 
 2941213735119 
 2942607154674 
 2942607195264 
 2944001384511 
 2944001408700 
 2945395525677 
 2945395549503 
 2946790413270 
 2946790432278 
 2948184115536 
 2948184143157 
 2949579900465 
 2949579941583 
 2950974132117 
 2950974157131 
 2952370350567 
 2952370373799 
 2953764041052 
 2953764066363 
 2955157683852 
 2955157710186 
 2956551183861 
 2956551208215 
 2957945177319 
 2957945200650 
 2959339361880 
 2959339381086 
 2960732251653 
 2960732274918 
 2962126960287 
 2962126983123 
 2963520805443 
 2963520828510 
 2964914446989 
 2964914469363 
 2966307763782 
 2966307786486 
 2967702569040 
 2967702591876 
 2969095701792 
 2969095746573 
 2970490368021 
 2970490392309 
 2971884933600 
 2971884956304 
 2973278877987 
 2973278905839 
 2974672693905 
 2974672720701 
 2976066867675 
 2976066893217 
 2977460652507 
 2977460690655 
 2978856645501 
 2978856681141 
 2980249881675 
 2980249907052 
 2981644345845 
 2981644369473 
 2983039149849 
 2983039173345 
 2984432902506 
 2984432942139 
 2985826868838 
 2985826893555 
 2987221172331 
 2987221195695 
 2988616357254 
 2988616380387 
 2990009113773 
 2990009159082 
 2991403152936 
 2991403182108 
 2992797342480 
 2992797366801 
 2994190313928 
 2994190336236 
 2995586233530 
 2995586276529 
 2996980381956 
 2996980405716 
 2998374193749 
 2998374216090 
 2999768286570 
 2999768308053 
 3001162576962 
 3001162599699 
 3002556385950 
 3002556410502 
 3003950481609 
 3003950505831 
 3005344425930 
 3005344449261 
 3006738024411 
 3006738048072 
 3008131803270 
 3008131826469 
 3009524809236 
 3009524832204 
 3010917604860 
 3010917628686 
 3012310929771 
 3012310951947 
 3013704354276 
 3013704375792 
 3015097725156 
 3015097748223 
 3016492577274 
 3016492600968 
 3017886223407 
 3017886252942 
 3019279388499 
 3019279411764 
 3020672978697 
 3020673001863 
 3022066823094 
 3022066845501 
 3023460831468 
 3023460857637 
 3024856262307 
 3024856283988 
 3026249350311 
 3026249388954 
 3027643928100 
 3027643967667 
 3029037612744 
 3029037636537 
 3030431252145 
 3030431274684 
 3031826030739 
 3031826052783 
 3033218968758 
 3033218990637 
 3034613181897 
 3034613205294 
 3036006487206 
 3036006510108 
 3037400708397 
 3037400731266 
 3038794559361 
 3038794599852 
 3040188353499 
 3040188376137 
 3041582926470 
 3041582950659 
 3042977021106 
 3042977044173 
 3044373478707 
 3044373500289 
 3045765600405 
 3045765622284 
 3047160136944 
 3047160169944 
 3048553988436 
 3048554011404 
 3049946912265 
 3049946934837 
 3051340799364 
 3051340821672 
 3052733486319 
 3052733527206 
 3054128750937 
 3054128775489 
 3055522192008 
 3055522214844 
 3056916630009 
 3056916652152 
 3058311220470 
 3058311243240 
 3059705162250 
 3059705203104 
 3061098713904 
 3061098738819 
 3062492607174 
 3062492631693 
 3063888057549 
 3063888082992 
 3065281947981 
 3065281972632 
 3066675656847 
 3066675681432 
 3068069870877 
 3068069895429 
 3069463844535 
 3069463867635 
 3070858445193 
 3070858466742 
 3072252087597 
 3072252110829 
 3073648092834 
 3073648117122 
 3075040173480 
 3075040210836 
 3076434116943 
 3076434140604 
 3077827565043 
 3077827587780 
 3079221380202 
 3079221403038 
 3080615795268 
 3080615817147 
 3082009766979 
 3082009791102 
 3083403943686 
 3083403967776 
 3084797880813 
 3084797903748 
 3086191658682 
 3086191682409 
 3087585158130 
 3087585181758 
 3088978578939 
 3088978736580 
 3090372145278 
 3090372191247 
 3091768079664 
 3091768100454 
 3093160817043 
 3093160839219 
 3094554288111 
 3094554311904 
 3095948304537 
 3095948328099 
 3097342815831 
 3097342838337 
 3098736878127 
 3098736902514 
 3100130301147 
 3100130347776 
 3101523887154 
 3101523915072 
 3102917920872 
 3102917944302 
 3104312347983 
 3104312370192 
 3105705587391 
 3105705610260 
 3107099000214 
 3107099044665 
 3108492076503 
 3108492098085 
 3109890073158 
 3109890095961 
 3111282573630 
 3111282595839 
 3112676835939 
 3112676858940 
 3114070780029 
 3114070825536 
 3115464876117 
 3115464898854 
 3116858223006 
 3116858255841 
 3118251347277 
 3118251369717 
 3119645261304 
 3119645284734 
 3121040445930 
 3121040476191 
 3122434164498 
 3122434212183 
 3123828602763 
 3123828627579 
 3125222780856 
 3125222810787 
 3126617413821 
 3126617435667 
 3128011320456 
 3128011344447 
 3129405315300 
 3129405338301 
 3130800232791 
 3130800273744 
 3132193736430 
 3132193760388 
 3133587469056 
 3133587493278 
 3134981973519 
 3134981996124 
 3136376686377 
 3136376719740 
 3137771156058 
 3137771177805 
 3139165143048 
 3139165182120 
 3140561256624 
 3140561283651 
 3141954505272 
 3141954528900 
 3143349287100 
 3143349310200 
 3144744598116 
 3144744622602 
 3146139016614 
 3146139039615 
 3147532602456 
 3147532640109 
 3148926535689 
 3148926570009 
 3150320254521 
 3150320278710 
 3151715647674 
 3151715671203 
 3153109794648 
 3153109815603 
 3154504053492 
 3154504077615 
 3155899206009 
 3155899229241 
 3157292934015 
 3157292956224 
 3158686371621 
 3158686412673 
 3160081151667 
 3160081174866 
 3161477714043 
 3161477740608 
 3162871804785 
 3162871829205 
 3164264822070 
 3164264846325 
 3165659154141 
 3165659182323 
 3167052583035 
 3167052606531 
 3168446466372 
 3168446505378 
 3169841389968 
 3169841416038 
 3171234752235 
 3171234788667 
 3172631027841 
 3172631051040 
 3174023952759 
 3174023986254 
 3175418244240 
 3175418267835 
 3176812973631 
 3176813006202 
 3178207031505 
 3178207053846 
 3179600932530 
 3179600982129 
 3180995091978 
 3180995114187 
 3182390250435 
 3182390271555 
 3183784174923 
 3183784201818 
 3185178910155 
 3185178932067 
 3186574803159 
 3186574821672 
 3187967690952 
 3187967732367 
 3189361670847 
 3189361692858 
 3190755489867 
 3190755512109 
 3192149689806 
 3192149712180 
 3193546023657 
 3193546049265 
 3194940213630 
 3194940235443 
 3196334670342 
 3196334693805 
 3197727974496 
 3197727997068 
 3199122118863 
 3199122142062 
 3200515811394 
 3200515828851 
 3201910409577 
 3201910436604 
 3203305539357 
 3203305562061 
 3204698470215 
 3204698493810 
 3206092112058 
 3206092134432 
 3207486048789 
 3207486071592 
 3208880268561 
 3208880291364 
 3210274239612 
 3210274292940 
 3211668040284 
 3211668073284 
 3213064327770 
 3213064350474 
 3214456456530 
 3214456496922 
 3215850627825 
 3215850649077 
 3217245225777 
 3217245249108 
 3218638940748 
 3218638964310 
 3220032369741 
 3220032394953 
 3221426010066 
 3221426032737 
 3222821583135 
 3222821606961 
 3224214848052 
 3224214872076 
 3225609331164 
 3225609355089 
 3227004568623 
 3227004592812 
 3228397859940 
 3228397882974 
 3229791750966 
 3229791774231 
 3231185449899 
 3231185472108 
 3232580729895 
 3232580751906 
 3233974516410 
 3233974539114 
 3235368421527 
 3235368446607 
 3236763905067 
 3236763927969 
 3238157227899 
 3238157250570 
 3239550377316 
 3239550537762 
 3240944854389 
 3240944877753 
 3242338311861 
 3242338334994 
 3243732318024 
 3243732340860 
 3245125706592 
 3245125733949 
 3246519124035 
 3246519145518 
 3247912245303 
 3247912287279 
 3249306362379 
 3249306386667 
 3250701097314 
 3250701118038 
 3252096536139 
 3252096561054 
 3253489068489 
 3253489091259 
 3254883076797 
 3254883098478 
 3256276444311 
 3256276467741 
 3257670062691 
 3257670085527 
 3259063913094 
 3259063954377 
 3260459362875 
 3260459386800 
 3261851820150 
 3261851862753 
 3263245480539 
 3263245503441 
 3264639575175 
 3264639616788 
 3266033497287 
 3266033519892 
 3267428032308 
 3267428056167 
 3268822450905 
 3268822475094 
 3270217417929 
 3270217441722 
 3271610906553 
 3271610930808 
 3273004422534 
 3273004446162 
 3274398308082 
 3274398330951 
 3275792836239 
 3275792860263 
 3277186475178 
 3277186496727 
 3278580301887 
 3278580326208 
 3279975423681 
 3279975449223 
 3281367625503 
 3281367656358 
 3282762211839 
 3282762234609 
 3284155762701 
 3284155785108 
 3285549046527 
 3285549069297 
 3286943625570 
 3286943648043 
 3288335753538 
 3288335784327 
 3289730621496 
 3289730645520 
 3291123064416 
 3291123087417 
 3292514999532 
 3292515021312 
 3293904146247 
 3293904170304 
 3295302796797 
 3295302827718 
 3296693728053 
 3296693749965 
 3298089680424 
 3298089691974 
 3299479715499 
 3299479732362 
 3300873539337 
 3300873548148 
 3302264928534 
 3302264968035 
 3303660631788 
 3303660653007 
 3305051272083 
 3305051294820 
 3306450089415 
 3306450126342 
 3307842175143 
 3307842346479 
 3309234988818 
 3309234999972 
 3310623403065 
 3310623410853 
 3312014592216 
 3312014604426 
 3313401368739 
 3313401376329 
 3314793091038 
 3314793098859 
 3316184121426 
 3316184135286 
 3317572295268 
 3317572305234 
 3318965038191 
 3318965043042 
 3320353434420 
 3320353442835 
 3321747894630 
 3321747918786 
 3323137625874 
