 4070387184831 
 4070424294585 
 4070424305277 
 4071919646586 
 4071919666089 
 4073386805466 
 4073386824573 
 4074857488152 
 4074857513364 
 4076322270042 
 4076322289545 
 4077794779278 
 4077794798451 
 4079260605849 
 4079260626375 
 4080729962727 
 4080729982890 
 4082197432764 
 4082197457481 
 4083664629858 
 4083664649130 
 4085130520053 
 4085130539952 
 4086598974810 
 4086598996161 
 4088065363602 
 4088065385217 
 4089533736849 
 4089533764866 
 4091000554773 
 4091000573979 
 4092470436747 
 4092470457141 
 4093934370636 
 4093934389611 
 4095401951751 
 4095401972673 
 4096868151684 
 4096868170527 
 4098336269643 
 4098336289674 
 4099802783076 
 4099802803206 
 4101270691056 
 4101270716796 
 4102736820798 
 4102736839179 
 4104204503751 
 4104204523122 
 4105670514396 
 4105670534658 
 4107137484021 
 4107137505438 
 4108603505787 
 4108603527930 
 4110071010045 
 4110071033046 
 4111536669900 
 4111536706167 
 4113002682789 
 4113002694999 
 4114466504676 
 4114466515929 
 4115933913201 
 4115933932275 
 4117403114418 
 4117403131743 
 4118868719130 
 4118868737412 
 4120337598531 
 4120337633280 
 4121804449059 
 4121804465427 
 4123268832738 
 4123268849139 
 4124736078738 
 4124736087384 
 4126204375491 
 4126204403772 
 4127669307696 
 4127669317992 
 4129134389952 
 4129134407838 
 4130599286022 
 4130599303842 
 4132063925649 
 4132063943205 
 4133529508284 
 4133529533826 
 4134993351423 
 4134993361686 
 4136458603695 
 4136458614387 
 4137924133266 
 4137924153627 
 4139393208984 
 4139393230236 
 4140858303450 
 4140858315429 
 4142323204206 
 4142323212753 
 4143787319166 
 4143787327482 
 4145255417193 
 4145255437356 
 4146721386390 
 4146721421469 
 4148189728749 
 4148189756502 
 4149653610498 
 4149653625117 
 4151118892866 
 4151118906066 
 4152584729667 
 4152584743725 
 4154049691341 
 4154049725892 
 4155513520092 
 4155513534282 
 4156981289604 
 4156981308711 
 4158447779970 
 4158447799935 
 4159914768207 
 4159914783189 
 4161381196665 
 4161381216564 
 4162849282317 
 4162849302909 
 4164314889141 
 4164314908116 
 4165781139135 
 4165781154546 
 4167245118267 
 4167245132688 
 4168710115251 
 4168710123534 
 4170173307993 
 4170173316441 
 4171640991639 
 4171641011538 
 4173108556518 
 4173108574866 
 4174576324677 
 4174576346523 
 4176043369971 
 4176043388088 
 4177510659069 
 4177510679595 
 4178977351692 
 4178977383537 
 4180444868028 
 4180444893339 
 4181910853923 
 4181910874482 
 4183378961718 
 4183378985016 
 4184845596096 
 4184845630845 
 4186310715741 
 4186310738874 
 4187778477630 
 4187778501126 
 4189249194108 
 4189249211532 
 4190712794862 
 4190712826410 
 4192183902390 
 4192183927866 
 4193648489217 
 4193648510040 
 4195113212994 
 4195113221376 
 4196585244951 
 4196585267259 
 4198054071024 
 4198054088976 
 4199518031181 
 4199518049727 
 4200985448979 
 4200985474422 
 4202451279939 
 4202451309672 
 4203919285005 
 4203919304211 
 4205385114447 
 4205385132828 
 4206851358303 
 4206851373681 
 4208317144713 
 4208317167087 
 4209785246535 
 4209785266005 
 4211250094128 
 4211250113334 
 4212717294918 
 4212717334914 
 4214181618867 
 4214181638007 
 4215649610337 
 4215649651587 
 4217114260029 
 4217114279730 
 4218580896849 
 4218580933743 
 4220046256404 
 4220046277161 
 4221513480261 
 4221513515406 
 4222978588686 
 4222978608684 
 4224445587681 
 4224445607316 
 4225910150319 
 4225910172099 
 4227377876337 
 4227377896929 
 4228844401980 
 4228844421549 
 4230310009761 
 4230310029066 
 4231776689052 
 4231776714825 
 4233243129786 
 4233243150279 
 4234708967775 
 4234708986420 
 4236176001189 
 4236176024322 
 4237641658668 
 4237641678534 
 4239108410757 
 4239108437487 
 4240574340123 
 4240574378997 
 4242041857218 
 4242041877777 
 4243507848921 
 4243507878984 
 4244975592429 
 4244975613450 
 4246439605782 
 4246439636505 
 4247907961935 
 4247907981867 
 4249372554306 
 4249372577208 
 4250838415527 
 4250838433215 
 4252306300407 
 4252306324332 
 4253772744540 
 4253772771303 
 4255239326679 
 4255239371064 
 4256706593700 
 4256706614061 
 4258172237814 
 4258172256723 
 4259638951623 
 4259638973403 
 4261105019028 
 4261105057671 
 4262570437983 
 4262570457255 
 4264036747971 
 4264036770774 
 4265504413863 
 4265504452341 
 4266970815789 
 4266970836909 
 4268436716412 
 4268436729612 
 4269903980892 
 4269904005675 
 4271370894714 
 4271370917121 
 4272836929812 
 4272836969313 
 4274303930688 
 4274303950290 
 4275769890117 
 4275769910082 
 4277237941878 
 4277237979795 
 4278702724065 
 4278702742677 
 4280171693160 
 4280171715039 
 4281637571211 
 4281637590747 
 4283102729169 
 4283102750058 
 4284568565508 
 4284568585968 
 4286035724850 
 4286035744155 
 4287503303358 
 4287503324940 
 4288968625788 
 4288968660042 
 4290434316927 
 4290434348739 
 4291901087133 
 4291901107857 
 4293367061445 
 4293367082730 
 4294834079646 
 4294834099776 
 4296299966145 
 4296299985318 
 4297767494889 
 4297767516768 
 4299232925790 
 4299232945029 
 4300700033553 
 4300700052429 
 4302165875535 
 4302165903123 
 4303633151169 
 4303633170177 
 4305098699088 
 4305098717172 
 4306565516583 
 4306565537604 
 4308031618374 
 4308031639659 
 4309498779498 
 4309498802466 
 4310964533073 
 4310964552345 
 4312431789501 
 4312431809136 
 4313898627489 
 4313898646992 
 4315365573189 
 4315365602790 
 4316831143515 
 4316831173809 
 4318298207850 
 4318298358990 
 4319763117483 
 4319763131508 
 4321227294219 
 4321227302073 
 4322691253155 
 4322691272955 
 4324158610497 
 4324158630957 
 4325624271837 
 4325624294409 
 4327092310860 
 4327092331650 
 4328556541122 
 4328556560724 
 4330026227010 
 4330026246645 
 4331491412985 
 4331491437075 
 4332959298492 
 4332959320272 
 4334426117802 
 4334426136216 
 4335892511940 
 4335892532169 
 4337359395864 
 4337359420977 
 4338825492507 
 4338825514221 
 4340288942616 
 4340288955684 
 4341757085160 
 4341757118985 
 4343222836953 
 4343222857578 
 4344690461529 
 4344690482088 
 4346156579325 
 4346156617275 
 4347623940594 
 4347623961021 
 4349090345952 
 4349090365422 
 4350558813810 
 4350558848823 
 4352025287016 
 4352025307674 
 4353493061412 
 4353493079694 
 4354958278011 
 4354958573064 
 4356426006966 
 4356426038844 
 4357891105590 
 4357891127271 
 4359357611796 
 4359357633147 
 4360824679233 
 4360824700881 
 4362291344301 
 4362291362880 
 4363757625678 
 4363757661351 
 4365224325924 
 4365224345460 
 4366689924927 
 4366689945783 
 4368156240558 
 4368156260589 
 4369623823191 
 4369623842760 
 4371090441927 
 4371090474795 
 4372557750198 
 4372557768513 
 4374023315739 
 4374023335737 
 4375488228342 
 4375488244710 
 4376955850476 
 4376955869748 
 4378421565573 
 4378421586825 
 4379887996671 
 4379888016702 
 4381355169576 
 4381355206041 
 4382821732740 
 4382821767291 
 4384287298413 
 4384287318708 
 4385755243782 
 4385755262790 
 4387220732169 
 4387220755302 
 4388688562170 
 4388688579891 
 4390154408178 
 4390154429232 
 4391622033975 
 4391622055194 
 4393087238529 
 4393087274433 
 4394555323752 
 4394555343354 
 4396020233055 
 4396020251073 
 4397488060053 
 4397488079028 
 4398953959290 
 4398953985624 
 4400421107379 
 4400421144801 
 4401887182770 
 4401887206563 
 4403354209584 
 4403354251428 
 4404820135782 
 4404820157166 
 4406288180580 
 4406288199027 
 4407754600293 
 4407754619763 
 4409221345947 
 4409221378419 
 4410687530040 
 4410687548652 
 4412154582462 
 4412154601470 
 4413620434905 
 4413620454606 
 4415087623848 
 4415087661699 
 4416553328319 
 4416553347657 
 4418020473801 
 4418020508286 
 4419486284697 
 4419486303441 
 4420953542247 
 4420953564357 
 4422419145969 
 4422419165439 
 4423886803644 
 4423886823477 
 4425352566558 
 4425352587942 
 4426818136686 
 4426818156519 
 4428284971044 
 4428284994573 
 4429752432138 
 4429752454908 
 4431217884654 
 4431217910361 
 4432684912095 
 4432684931532 
 4434150810936 
 4434150831033 
 4435617200223 
 4435617220947 
 4437083739495 
 4437083760384 
 4438550311932 
 4438550331633 
 4440017098044 
 4440017126886 
 4441484519637 
 4441484541153 
 4442948553120 
 4442948573613 
 4444417087275 
 4444417107570 
 4445880512238 
 4445880532401 
 4447349442327 
 4447349459850 
 4448813076378 
 4448813098884 
 4450280024058 
 4450280046465 
 4451746344078 
 4451746362327 
 4453212684327 
 4453212703632 
 4454679263397 
 4454679282075 
 4456146258432 
 4456146280146 
 4457611993494 
 4457612013525 
 4459077340080 
 4459077371265 
 4460544478599 
 4460544500775 
 4462011958932 
 4462011979194 
 4463475985782 
 4463476007166 
 4464942926301 
 4464942950820 
 4466411761977 
 4466411781051 
 4467877175982 
 4467877197432 
 4469342966286 
 4469342985822 
 4470810462360 
 4470810482028 
 4472276601771 
 4472276620548 
 4473743514108 
 4473743532753 
 4475209338534 
 4475209358598 
 4476676657695 
 4476676677330 
 4478142093183 
 4478142116085 
 4479609356805 
 4479609376968 
 4481075036856 
 4481075058900 
 4482541329948 
 4482541353378 
 4484005302282 
 4484005323798 
 4485472832610 
 4485472853532 
 4486939264071 
 4486939284168 
 4488406287882 
 4488406307616 
 4489872390168 
 4489872412047 
 4491339585909 
 4491339615807 
 4492804193790 
 4492804212501 
 4494272136453 
 4494272153712 
 4495736369454 
 4495736403246 
 4497203858367 
 4497203877408 
 4498668609897 
 4498668629433 
 4500134820093 
 4500134848803 
 4501600435893 
 4501600458102 
 4503067068456 
 4503067092744 
 4504532844141 
 4504532864436 
 4506000079812 
 4506000118092 
 4507466251629 
 4507466271198 
 4508933394207 
 4508933414403 
 4510398472272 
 4510398496032 
 4511866325307 
 4511866343589 
 4513331562366 
 4513331683608 
 4514798745303 
 4514798766258 
 4516264911708 
 4516264939692 
 4517731893048 
 4517731913838 
 4519197678732 
 4519197706485 
 4520664375975 
 4520664395214 
 4522130228979 
 4522130248515 
 4523597296515 
 4523597425479 
 4525063212252 
 4525063522716 
 4526530064793 
 4526530083768 
 4527996135597 
 4527996158532 
 4529463333417 
 4529463363678 
 4530928464876 
 4530928484643 
 4532395682199 
 4532395716750 
 4533862021953 
 4533862043370 
 4535328534660 
 4535328554856 
 4536794141385 
 4536794159898 
 4538261318679 
 4538261339733 
 4539726417864 
 4539726441459 
 4541192996274 
 4541193015117 
 4542657653424 
 4542657672300 
 4544122043142 
 4544122080630 
 4545589876839 
 4545589902777 
 4547056288335 
 4547056308729 
 4548522547503 
 4548522570207 
 4549989710706 
 4549989730572 
 4551455715873 
 4551455735772 
 4552922978934 
 4552922997876 
 4554388782372 
 4554388800885 
 4555856055861 
 4555856075529 
 4557322016346 
 4557322049676 
 4558788940563 
 4558788978315 
 4560254257845 
 4560254276094 
 4561721976108 
 4561721990331 
 4563187523928 
 4563187547721 
 4564654778838 
 4564654800618 
 4566120476643 
 4566120509610 
 4567587366078 
 4567587396174 
 4569053199777 
 4569053227233 
 4570520543325 
 4570520570418 
 4571986339965 
 4571986360194 
 4573455044400 
 4573455081327 
 4574919956904 
 4574919976671 
 4576389110403 
 4576389128586 
 4577854497381 
 4577854520250 
 4579321086648 
 4579321122486 
 4580786962125 
 4580786999547 
 4582254997221 
 4582255018836 
 4583721445446 
 4583721465147 
 4585189053291 
 4585189071474 
 4586655239463 
 4586655259527 
 4588122615780 
 4588122636735 
 4589588638602 
 4589588793207 
 4591055709339 
 4591055729172 
 4592522405031 
 4592522444169 
 4593989203716 
 4593989217807 
 4595455118925 
 4595455157964 
 4596922380798 
 4596922403436 
 4598387979768 
 4598387999172 
 4599855077961 
 4599855105516 
 4601321139195 
 4601321160249 
 4602788404896 
 4602788424597 
 4604254581201 
 4604254601496 
 4605722259534 
 4605722280786 
 4607188730397 
 4607188762044 
 4608656885415 
 4608656904258 
 4610123432145 
 4610123592987 
 4611590386458 
 4611590406357 
 4613056518180 
 4613056538739 
 4614524946405 
 4614524968449 
 4615990291671 
 4615990310052 
 4617458244069 
 4617458276442 
 4618924452351 
 4618924485747 
 4620392120652 
 4620392142564 
 4621859781495 
 4621859800437 
 4623328917240 
 4623328935555 
 4624793103612 
 4624793124171 
 4626261220251 
 4626261240645 
 4627728172980 
 4627728195651 
 4629195164484 
 4629195184911 
 4630661190474 
 4630661225388 
 4632128726280 
 4632128746377 
 4633594906809 
 4633594926081 
 4635063183927 
 4635063205839 
 4636529760951 
 4636529782500 
 4637996677149 
 4637996697081 
 4639462663110 
 4639462683504 
 4640930062692 
 4640930105130 
 4642395705486 
 4642395723174 
 4643862925086 
 4643862943764 
 4645328385885 
 4645328406312 
 4646795127018 
 4646795151438 
 4648261156836 
 4648261176372 
 4649728281099 
 4649728304364 
 4651194205746 
 4651194226140 
 4652661414984 
 4652661435477 
 4654127196213 
 4654127214891 
 4655594225601 
 4655594245500 
 4657060064151 
 4657060084512 
 4658527385853 
 4658527421658 
 4659992138868 
 4659992159196 
 4661459780736 
 4661459802681 
 4662925884870 
 4662925905231 
 4664392592013 
 4664392622571 
 4665858989649 
 4665859035750 
 4667326671381 
 4667326701972 
 4668792358230 
 4668792391329 
 4670259883773 
 4670259904134 
 4671725649426 
 4671725668500 
 4673193537375 
 4673193556383 
 4674658254684 
 4674658293327 
 4676127096135 
 4676127116826 
 4677590661678 
 4677590682468 
 4679057380668 
 4679057400666 
 4680523382007 
 4680523401675 
 4681992263322 
 4681992298434 
 4683457359570 
 4683457378908 
 4684923168090 
 4684923208779 
 4686389227872 
 4686389267043 
 4687858674939 
 4687858713648 
 4689324733764 
 4689324778512 
 4690789698870 
 4690789736787 
 4692255586194 
 4692255614442 
 4693724004057 
 4693724027883 
 4695189642924 
 4695189662262 
 4696658241231 
 4696658260536 
 4698123933360 
 4698123955602 
 4699592091975 
 4699592111709 
 4701058153407 
 4701058186935 
 4702525970736 
 4702525985091 
 4703992184958 
 4703992204461 
 4705461495108 
 4705461514842 
 4706926188756 
 4706926208985 
 4708395079014 
 4708395098550 
 4709860394217 
 4709860414380 
 4711328778816 
 4711328798154 
 4712794371582 
 4712794391250 
 4714262570952 
 4714262589597 
 4715728293705 
 4715728334823 
 4717196801361 
 4717196824461 
 4718662024659 
 4718662044789 
 4720130468559 
 4720130487303 
 4721597302059 
 4721597329482 
 4723065521922 
 4723065542943 
 4724529365061 
 4724529385125 
 4725998277627 
 4725998298483 
 4727465768685 
 4727465788353 
 4728931488567 
 4728931502130 
 4730398778292 
 4730398812777 
 4731866427948 
 4731866448474 
 4733332300851 
 4733332324776 
 4734799760691 
 4734799782669 
 4736266373124 
 4736266398303 
 4737733126071 
 4737733145838 
 4739199061707 
 4739199084279 
 4740667759047 
 4740667778187 
 4742133057288 
 4742133077550 
 4743601826304 
 4743601851417 
 4745067934068 
 4745067972249 
 4746536257452 
 4746536276394 
 4748002247868 
 4748002280934 
 4749470902308 
 4749470936298 
 4750937042841 
 4750937062971 
 4752404099817 
 4752404118033 
 4753870790955 
 4753870810986 
 4755338471169 
 4755338491629 
 4756804330773 
 4756804353015 
 4758273250797 
 4758273289143 
 4759739895306 
 4759739915865 
 4761207262581 
 4761207287661 
 4762672820136 
 4762672834458 
 4764141618225 
 4764141636936 
 4765607526207 
 4765607545644 
 4767074792238 
 4767074814249 
 4768542401634 
 4768542422985 
 4770010066998 
 4770010087326 
 4771475955774 
 4771475998443 
 4772944769901 
 4772944788744 
 4774410324519 
 4774410346629 
 4775877404034 
 4775877423636 
 4777343206746 
 4777343226381 
 4778811534981 
 4778811555111 
 4780278459363 
 4780278479031 
 4781745491556 
 4781745535281 
 4783211360631 
 4783211380794 
 4784679830337 
 4784679868287 
 4786145395911 
 4786145414589 
 4787614151001 
 4787614171329 
 4789078817490 
 4789078837884 
 4790548553736 
 4790548573899 
 4792013650644 
 4792013676384 
 4793484006663 
 4793484032964 
 4794948031137 
 4794948049947 
 4796415937302 
 4796415956706 
 4797880766514 
 4797880784994 
 4799349815535 
 4799349856092 
 4800816242442 
 4800816274419 
 4802285021688 
