 16332227191995 
 16332270345171 
 16332270364212 
 16333851767739 
 16333851811662 
 16335426103293 
 16335426134247 
 16337018066127 
 16337018139123 
 16338599025639 
 16338599071443 
 16340189099322 
 16340189122323 
 16341771647487 
 16341771670851 
 16343349798369 
 16343349828960 
 16344840049923 
 16344840072858 
 16346328274551 
 16346328297519 
 16347819013845 
 16347819049287 
 16349308454028 
 16349308495080 
 16350798579423 
 16350798604173 
 16352289023664 
 16352289103128 
 16353774154344 
 16353774188070 
 16355261151273 
 16355261180973 
 16356747103455 
 16356747136092 
 16358235631452 
 16358235661152 
 16359721615875 
 16359721646334 
 16361208229443 
 16361208255216 
 16362694241487 
 16362694271088 
 16364182624185 
 16364182652829 
 16365668403876 
 16365668446578 
 16367155845447 
 16367155893264 
 16368643239069 
 16368643278537 
 16370129796075 
 16370129824224 
 16371616780959 
 16371616812243 
 16373106393798 
 16373106414390 
 16374590760066 
 16374590807751 
 16376078021391 
 16376078049738 
 16377565502958 
 16377565529589 
 16379052907602 
 16379052933606 
 16380538623405 
 16380538675809 
 16382026955019 
 16382026993101 
 16383513184368 
 16383513225453 
 16385000487537 
 16385000520570 
 16386486047184 
 16386486073122 
 16387974101928 
 16387974129252 
 16389460139745 
 16389460185615 
 16390947160302 
 16390947186471 
 16392434667015 
 16392434694273 
 16393920604248 
 16393920630351 
 16395408995889 
 16395409037964 
 16396894698525 
 16396894729314 
 16398380905665 
 16398380931900 
 16399869721554 
 16399869749703 
 16401355055778 
 16401355081518 
 16402844531238 
 16402844560311 
 16404330406035 
 16404330433029 
 16405818439857 
 16405818485067 
 16407304778865 
 16407304800810 
 16408793447904 
 16408793478198 
 16410279635013 
 16410279666033 
 16411766257458 
 16411766285937 
 16413252644481 
 16413252673059 
 16414739833173 
 16414739858583 
 16416227243394 
 16416227275041 
 16417713448983 
 16417713477660 
 16419201056412 
 16419201079281 
 16420688400864 
 16420688429574 
 16422175643742 
 16422175684893 
 16423660861113 
 16423660893783 
 16425152824971 
 16425152842263 
 16426637843814 
 16426637873349 
 16428124339869 
 16428124369833 
 16429612246872 
 16429612264032 
 16431100373721 
 16431100408338 
 16432587479583 
 16432587510207 
 16434074967981 
 16434074997681 
 16435560918909 
 16435560945540 
 16437049434564 
 16437049472085 
 16438535147199 
 16438535191320 
 16440022192902 
 16440022225836 
 16441508898144 
 16441508924412 
 16442994988266 
 16442995021596 
 16444482075285 
 16444482102609 
 16445968738122 
 16445968766238 
 16447454354034 
 16447454383470 
 16448942935425 
 16448942973507 
 16450428221898 
 16450428252390 
 16451913400461 
 16451913434913 
 16453400010762 
 16453400030826 
 16454887488567 
 16454887518861 
 16456373405472 
 16456373435634 
 16457862288252 
 16457862332802 
 16459347781668 
 16459347810213 
 16460833036098 
 16460833058241 
 16462322350254 
 16462322382033 
 16463808501987 
 16463808534360 
 16465293452124 
 16465293481692 
 16466781606066 
 16466781634149 
 16468267383150 
 16468267412388 
 16469754225639 
 16469754257319 
 16471242618105 
 16471242635430 
 16472727830460 
 16472727882171 
 16474212911706 
 16474212942033 
 16475700010539 
 16475700041493 
 16477185107856 
 16477185135939 
 16478671518375 
 16478671540749 
 16480158189726 
 16480158236817 
 16481644545828 
 16481644569885 
 16483131013569 
 16483131046569 
 16484616589122 
 16484616620901 
 16486104495102 
 16486104545823 
 16487589803553 
 16487589836058 
 16489076551926 
 16489076580702 
 16490561629443 
 16490561657922 
 16492048643301 
 16492048676598 
 16493535063192 
 16493535092397 
 16495020292113 
 16495020311913 
 16496508278415 
 16496508307983 
 16497993210303 
 16497993233139 
 16499479592310 
 16499479626399 
 16500964769289 
 16500964799385 
 16502452541091 
 16502452590822 
 16503937816938 
 16503937848684 
 16505423871024 
 16505423903694 
 16506910283985 
 16506910305534 
 16508396502939 
 16508396535015 
 16509882227421 
 16509882256428 
 16511368533858 
 16511368563129 
 16512855133665 
 16512855155808 
 16514341564908 
 16514341593354 
 16515827472474 
 16515827498181 
 16517314640970 
 16517314674993 
 16518800270742 
 16518800297967 
 16520286691392 
 16520286716208 
 16521773795439 
 16521773826261 
 16523259089931 
 16523259120423 
 16524747630798 
 16524747673863 
 16526233508103 
 16526233533777 
 16527720813813 
 16527720844404 
 16529206323795 
 16529206355409 
 16530694959240 
 16530694983792 
 16532180508261 
 16532180538885 
 16533666981942 
 16533667008045 
 16535152403484 
 16535152432887 
 16536641353980 
 16536641373087 
 16538125506540 
 16538125537923 
 16539612203664 
 16539612229437 
 16541097545808 
 16541097574782 
 16542585227916 
 16542585252633 
 16544070675495 
 16544070705459 
 16545557423703 
 16545557442942 
 16547042670345 
 16547042703147 
 16548528802278 
 16548528835509 
 16550015365785 
 16550015401920 
 16551500732151 
 16551500763930 
 16552989626514 
 16552989672087 
 16554475793295 
 16554475827417 
 16555962245592 
 16555962272652 
 16557448287633 
 16557448320732 
 16558936561464 
 16558936590405 
 16560421799031 
 16560421828995 
 16561907117118 
 16561907145894 
 16563395025078 
 16563395055273 
 16564880432991 
 16564880470182 
 16566367245318 
 16566367269540 
 16567852670589 
 16567852696329 
 16569339094506 
 16569339124404 
 16570826235348 
 16570826292405 
 16572311458560 
 16572311481462 
 16573797737706 
 16573797768726 
 16575284518485 
 16575284544588 
 16576770137730 
 16576770164328 
 16578257487957 
 16578257516073 
 16579743757632 
 16579743785847 
 16581230629953 
 16581230654637 
 16582716362421 
 16582716392682 
 16584204187353 
 16584204227646 
 16585690513260 
 16585690542762 
 16587175763235 
 16587175793463 
 16588664161443 
 16588664207742 
 16590149807748 
 16590149848074 
 16591636535958 
 16591636566615 
 16593123458274 
 16593123487644 
 16594609164243 
 16594609189785 
 16596097906212 
 16596097924692 
 16597582616208 
 16597582638021 
 16599070401309 
 16599070430085 
 16600557060582 
 16600557093747 
 16602042968940 
 16602042995670 
 16603529939304 
 16603529966133 
 16605016577919 
 16605016631742 
 16606501865415 
 16606501895610 
 16607989815384 
 16607989844556 
 16609475034570 
 16609475067141 
 16610960439249 
 16610960471292 
 16612448278008 
 16612448311338 
 16613933552799 
 16613933578902 
 16615418977377 
 16615419003051 
 16616907206757 
 16616907235005 
 16618392623283 
 16618392650805 
 16619879247939 
 16619879279256 
 16621364648493 
 16621364672451 
 16622851251732 
 16622851276746 
 16624338419766 
 16624338448410 
 16625825464479 
 16625825497644 
 16627311330861 
 16627311360000 
 16628798716860 
 16628798744415 
 16630285951653 
 16630285993464 
 16631771271555 
 16631771300133 
 16633259262939 
 16633259303430 
 16634745110808 
 16634745137703 
 16636231181130 
 16636231210236 
 16637718876108 
 16637718914322 
 16639204636428 
 16639204667250 
 16640690882178 
 16640690911185 
 16642177332231 
 16642177361403 
 16643663836173 
 16643663860065 
 16645149065259 
 16645149099216 
 16646635966257 
 16646635994736 
 16648121668596 
 16648121698824 
 16649608365786 
 16649608393374 
 16651095983445 
 16651096015851 
 16652581979847 
 16652582017137 
 16654070002944 
 16654070030235 
 16655556304299 
 16655556344130 
 16657045786458 
 16657045809690 
 16658531054187 
 16658531078739 
 16660018287066 
 16660018314258 
 16661502996666 
 16661503042041 
 16662991793811 
 16662991835325 
 16664477473512 
 16664477502090 
 16665963910761 
 16665963941055 
 16667451322005 
 16667451342960 
 16668937418067 
 16668937448790 
 16670424054471 
 16670424092025 
 16671913744893 
 16671913762449 
 16673397968007 
 16673397994275 
 16674885241014 
 16674885268668 
 16676370500460 
 16676370534318 
 16677858879330 
 16677858906621 
 16679344125048 
 16679344165143 
 16680830348226 
 16680830390961 
 16682315313906 
 16682315344398 
 16683803268429 
 16683803434881 
 16685289393399 
 16685289423363 
 16686774773922 
 16686774802632 
 16688263760916 
 16688263790979 
 16689749640696 
 16689749821173 
 16691236635645 
 16691236664883 
 16692723528525 
 16692723559644 
 16694210308281 
 16694210337981 
 16695697519380 
 16695697552776 
 16697182935180 
 16697182984548 
 16698669497301 
 16698669523041 
 16700156393547 
 16700156417472 
 16701643179144 
 16701643207194 
 16703131626588 
 16703131646883 
 16704616705326 
 16704616754694 
 16706102993976 
 16706103022917 
 16707590590845 
 16707590626320 
 16709077475343 
 16709077511247 
 16710564576057 
 16710564614667 
 16712050350072 
 16712050379013 
 16713537983175 
 16713538026735 
 16715024949942 
 16715024980533 
 16716510939513 
 16716510970533 
 16717999709334 
 16717999738209 
 16719485672538 
 16719485695671 
 16720972965939 
 16720972993197 
 16722460475589 
 16722460506939 
 16723948341903 
 16723948371438 
 16725436682691 
 16725436713447 
 16726922600355 
 16726922625435 
 16728411264873 
 16728411294243 
 16729897786734 
 16729897812276 
 16731383854020 
 16731383879100 
 16732872747987 
 16732872776037 
 16734357473922 
 16734357504777 
 16735844680896 
 16735844709903 
 16737333203118 
 16737333232620 
 16738818963075 
 16738818998385 
 16740305706036 
 16740305735604 
 16741793274954 
 16741793294127 
 16743279085896 
 16743279109656 
 16744765571160 
 16744765604952 
 16746252799947 
 16746252829251 
 16747737932574 
 16747737963594 
 16749226452750 
 16749226484430 
 16750712343486 
 16750712384571 
 16752199196865 
 16752199223892 
 16753683838485 
 16753683859968 
 16755170965368 
 16755170994144 
 16756656303420 
 16756656329952 
 16758143294145 
 16758143323680 
 16759630250187 
 16759630291569 
 16761115728357 
 16761115753041 
 16762603101354 
 16762603133100 
 16764089097921 
 16764089127984 
 16765574792175 
 16765574810556 
 16767063497118 
 16767063548037 
 16768549436892 
 16768549456956 
 16770033866487 
 16770033908232 
 16771522693035 
 16771522718973 
 16773008720655 
 16773008753721 
 16774494295185 
 16774494323895 
 16775982514500 
 16775982543738 
 16777467851562 
 16777467881823 
 16778957031969 
 16778957059227 
 16780442988342 
 16780443028041 
 16781929563267 
 16781929613724 
 16783416785487 
 16783416818289 
 16784903091000 
 16784903121756 
 16786390184289 
 16786390211448 
 16787876815974 
 16787876846070 
 16789364053308 
 16789364095482 
 16790850849102 
 16790850877812 
 16792337314962 
 16792337354529 
 16793823327831 
 16793823357597 
 16795311547014 
 16795311583743 
 16796797022973 
 16796797052046 
 16798282995120 
 16798283021289 
 16799771632941 
 16799771688018 
 16801257450615 
 16801257486981 
 16802743379763 
 16802743410849 
 16804231947591 
 16804231983198 
 16805718288018 
 16805718314748 
 16807203454206 
 16807203479583 
 16808693696124 
 16808693714868 
 16810177415493 
 16810177445160 
 16811663278905 
 16811663308968 
 16813150546995 
 16813150575738 
 16814635606230 
 16814635637481 
 16816121762484 
 16816121796177 
 16817608205805 
 16817608238244 
 16819093228575 
 16819093257483 
 16820581446009 
 16820581476765 
 16822068938169 
 16822068956451 
 16823553651729 
 16823553680472 
 16825039813890 
 16825039844217 
 16826526790755 
 16826526840750 
 16828012691985 
 16828012721619 
 16829498672547 
 16829498715381 
 16830985171308 
 16830985198005 
 16832471872062 
 16832471897373 
 16833958690098 
 16833958717389 
 16835443868793 
 16835443893741 
 16836929958948 
 16836929978418 
 16838417072136 
 16838417101605 
 16839901656831 
 16839901680954 
 16841387450085 
 16841387470281 
 16842874892151 
 16842874918056 
 16844361751008 
 16844361802323 
 16845846761766 
 16845846791202 
 16847335554324 
 16847335594650 
 16848818587128 
 16848818611614 
 16850305813803 
 16850305849905 
 16851792762981 
 16851792809412 
 16853278146045 
 16853278171356 
 16854765890391 
 16854765914976 
 16856251469112 
 16856251520790 
 16857737795250 
 16857737839371 
 16859226495672 
 16859226512997 
 16860710950611 
 16860710980872 
 16862197440033 
 16862197477983 
 16863684555498 
 16863684585165 
 16865170103364 
 16865170132437 
 16866655945029 
 16866655975950 
 16868142946479 
 16868142974067 
 16869628809792 
 16869628838766 
 16871115651621 
 16871115675150 
 16872601077090 
 16872601103820 
 16874087873973 
 16874087912583 
 16875573637989 
 16875573658086 
 16877060713491 
 16877060743059 
 16878546787773 
 16878546817374 
 16880034421074 
 16880034452853 
 16881520085694 
 16881520116054 
 16883005487007 
 16883005528653 
 16884493012827 
 16884493033650 
 16885978723647 
 16885978752522 
 16887465326160 
 16887465354672 
 16888952275338 
 16888952299989 
 16890439243260 
 16890439283289 
 16891925803236 
 16891925846928 
 16893411483102 
 16893411512142 
 16894899658791 
 16894899689745 
 16896385448712 
 16896385482537 
 16897872361227 
 16897872392874 
 16899357951993 
 16899357975489 
 16900845954696 
 16900845989181 
 16902331892721 
 16902331920309 
 16903817740425 
 16903817764581 
 16905306059268 
 16905306088275 
 16906791820281 
 16906791847077 
 16908279326004 
 16908279358542 
 16909766001447 
 16909766025900 
 16911253250001 
 16911253274223 
 16912739931054 
 16912739960589 
 16914225883500 
 16914225904158 
 16915714919301 
 16915714939530 
 16917199659327 
 16917199685859 
 16918686901842 
 16918686930321 
 16920173991996 
 16920174020211 
 16921661752446 
 16921661800989 
 16923149302521 
 16923149321826 
 16924636639779 
 16924636667895 
 16926123605721 
 16926123625026 
 16927609593246 
 16927609620009 
 16929096086232 
 16929096114711 
 16930582871268 
 16930582908030 
 16932071012109 
 16932071041545 
 16933556742762 
 16933556770515 
 16935043883703 
 16935043913865 
 16936530705831 
 16936530738534 
 16938017426319 
 16938017456844 
 16939504154793 
 16939504200036 
 16940989718202 
 16940989757010 
 16942478404500 
 16942478435553 
 16943963644839 
 16943963687508 
 16945449242205 
 16945449267747 
 16946937888441 
 16946937927249 
 16948423142937 
 16948423173792 
 16949909491284 
 16949909520093 
 16951396580877 
 16951396612920 
 16952883696375 
 16952883723864 
 16954370854377 
 16954370899224 
 16955857920408 
 16955857971855 
 16957345214106 
 16957345264365 
 16958832077946 
 16958832108537 
 16960318495626 
 16960318534434 
 16961804243043 
 16961804272479 
 16963293055863 
 16963293084144 
 16964778391473 
 16964778413319 
 16966265377116 
 16966265402526 
 16967751597654 
 16967751625737 
 16969238295570 
 16969238324544 
 16970725142085 
 16970725180266 
 16972212427929 
 16972212468255 
 16973698393080 
 16973698422945 
 16975184931276 
 16975184959590 
 16976672010078 
 16976672040735 
 16978160060301 
 16978160083830 
 16979644564905 
 16979644594374 
 16981130709279 
 16981130737065 
 16982615808048 
 16982615843886 
 16984103944533 
 16984103967138 
 16985589514971 
 16985589537741 
 16987075146690 
 16987075173750 
 16988562677394 
 16988562710064 
 16990049103885 
 16990049133156 
 16991534136588 
 16991534169555 
 16993021041678 
 16993021074843 
 16994507992440 
 16994508033096 
 16995993823248 
 16995994307127 
 16997481830835 
 16997481854034 
 16998967643559 
 16998967675305 
 17000455127931 
 17000455154925 
 17001940841061 
 17001940870167 
 17003430550656 
 17003430567915 
 17004915180891 
 17004915214584 
 17006402670345 
 17006402696910 
 17007888182373 
 17007888214383 
 17009376552795 
 17009376581109 
 17010862226490 
 17010862261008 
 17012349212298 
 17012349244143 
 17013836235132 
 17013836267175 
 17015322518964 
 17015322548565 
 17016809430390 
 17016809455767 
 17018296332906 
 17018296360197 
 17019782113323 
 17019782142363 
 17021270397780 
 17021270426490 
 17022755884398 
 17022755909940 
 17024242846875 
 17024242877565 
 17025729867036 
 17025729894030 
 17027214893832 
 17027214922905 
 17028702846408 
 17028702891816 
 17030188753578 
 17030188771068 
 17031675567984 
 17031675595605 
 17033164126275 
 17033164146966 
 17034648750603 
 17034648778884 
 17036135045424 
 17036135070339 
 17037620732187 
 17037620756706 
 17039108854977 
 17039108878638 
 17040594297474 
 17040594327306 
 17042081098284 
 17042081123430 
 17043566636283 
 17043566660538 
 17045054794779 
 17045054825040 
 17046540339345 
 17046540388977 
 17048026402011 
 17048026614069 
 17049514684356 
 17049514712307 
 17051000015445 
 17051000043330 
 17052486269445 
 17052486294756 
 17053974228654 
 17053974261621 
 17055459288120 
 17055459319635 
 17056944861957 
 17056944890898 
 17058431023623 
 17058431047746 
 17059920256137 
 17059920276465 
 17061404726850 
 17061404754537 
 17062891149117 
 17062891181787 
 17064376694904 
 17064376740312 
 17065864750737 
 17065864777005 
 17067349938210 
 17067349971540 
 17068836344241 
 17068836384138 
 17070323094957 
 17070323127924 
 17071808717139 
 17071808739645 
 17073295620381 
 17073295669287 
 17074781703375 
