 17809999556646 
 17810033899878 
 17810033910768 
 17811536986386 
 17811537007275 
 17812991688723 
 17812991708127 
 17814460426950 
 17814460445166 
 17815912614324 
 17815912634883 
 17817378191217 
 17817378230388 
 17818833866955 
 17818833885105 
 17820298842951 
 17820298861068 
 17821752810114 
 17821752829518 
 17823217263159 
 17823217287084 
 17824672055652 
 17824672085913 
 17826134416926 
 17826134450949 
 17827589065968 
 17827589083986 
 17829051495585 
 17829051515583 
 17830506293259 
 17830506313950 
 17831969121945 
 17831969143296 
 17833423971000 
 17833423991757 
 17834886734049 
 17834886755928 
 17836342509414 
 17836342529841 
 17837804816799 
 17837804838084 
 17839258805445 
 17839258824717 
 17840723768571 
 17840723788800 
 17842177763091 
 17842177783089 
 17843639466972 
 17843639486409 
 17845095777168 
 17845095940155 
 17846558829165 
 17846558852034 
 17848012858467 
 17848012893546 
 17849476952472 
 17849476971843 
 17850930563565 
 17850930582804 
 17852395412907 
 17852395431882 
 17853849531738 
 17853849552561 
 17855313472590 
 17855313493281 
 17856769418664 
 17856769438233 
 17858232617016 
 17858232640677 
 17859687632391 
 17859687652290 
 17861151506220 
 17861151532422 
 17862605359467 
 17862605382501 
 17864070082056 
 17864070104496 
 17865523727205 
 17865523747401 
 17866987515036 
 17866987536057 
 17868442432863 
 17868442448472 
 17869906797534 
 17869906818852 
 17871360552969 
 17871360573561 
 17872825390860 
 17872825542693 
 17874279183057 
 17874279201570 
 17875741510242 
 17875741530768 
 17877197529774 
 17877197554854 
 17878660388886 
 17878660414065 
 17880115601931 
 17880115622754 
 17881578171336 
 17881578190641 
 17883033712269 
 17883033733488 
 17884496302530 
 17884496321538 
 17885950064631 
 17885950084266 
 17887414722111 
 17887414742670 
 17888868677064 
 17888868697392 
 17890331370318 
 17890331470605 
 17891786167134 
 17891786186010 
 17893250262591 
 17893250286978 
 17894705991690 
 17894706015450 
 17896169829318 
 17896169851626 
 17897623599339 
 17897623617093 
 17899088275992 
 17899088295957 
 17900542558899 
 17900542576950 
 17902005783354 
 17902005824373 
 17903461352865 
 17903461395006 
 17904925556298 
 17904925590915 
 17906380528311 
 17906380549200 
 17907844921494 
 17907844944462 
 17909300274954 
 17909300295744 
 17910764410572 
 17910764432715 
 17912219569926 
 17912219588274 
 17913683212458 
 17913683231235 
 17915139137907 
 17915139157773 
 17916600975372 
 17916601000452 
 17918055376848 
 17918055395658 
 17919518590809 
 17919518617671 
 17920973308326 
 17920973327598 
 17922436371873 
 17922436414641 
 17923891506741 
 17923891524066 
 17925355494420 
 17925355528773 
 17926809429111 
 17926809447789 
 17928272768835 
 17928272788734 
 17929727787708 
 17929727813877 
 17931190799313 
 17931190822710 
 17932646326485 
 17932646346879 
 17934109672842 
 17934109692939 
 17935565167212 
 17935565190741 
 17937028421466 
 17937028441794 
 17938483113903 
 17938483132548 
 17939946925626 
 17939946945822 
 17941400610045 
 17941400630769 
 17942865968973 
 17942866001313 
 17944319252244 
 17944319271549 
 17945784621105 
 17945784642291 
 17947239345453 
 17947239364593 
 17948702137080 
 17948702155296 
 17950156777311 
 17950156794537 
 17951621157954 
 17951621178843 
 17953075716246 
 17953075736409 
 17954539573476 
 17954539596939 
 17955994580997 
 17955994598718 
 17957457981804 
 17957458004706 
 17958914782644 
 17958914808417 
 17960377029111 
 17960377072275 
 17961831881829 
 17961831901299 
 17963295715068 
 17963295734307 
 17964750464067 
 17964750486672 
 17966213623215 
 17966213644830 
 17967669278361 
 17967669297501 
 17969131850175 
 17969131870371 
 17970586488063 
 17970586508094 
 17972050440696 
 17972050461849 
 17973504332157 
 17973504352254 
 17974969051413 
 17974969071609 
 17976422976996 
 17976423013956 
 17977886954346 
 17977886974773 
 17979341878707 
 17979341921244 
 17980806628521 
 17980806647232 
 17982259761312 
 17982259781343 
 17983725078528 
 17983725098691 
 17985179675859 
 17985179696121 
 17986642781415 
 17986642829232 
 17988099381285 
 17988099398907 
 17989561566240 
 17989561586568 
 17991017313918 
 17991017333322 
 17992481404425 
 17992481444190 
 17993936294268 
 17993936333769 
 17995400381310 
 17995400407017 
 17996853831099 
 17996853856311 
 17998316150595 
 17998316175048 
 17999770748520 
 17999770791189 
 18001233804378 
 18001233837873 
 18002690481105 
 18002690498067 
 18004152711072 
 18004152731103 
 18005608036053 
 18005608054698 
 18007070990106 
 18007071008586 
 18008525766264 
 18008525785866 
 18009987958611 
 18009987981711 
 18011443046355 
 18011443065726 
 18012906837651 
 18012906855933 
 18014359722249 
 18014359741719 
 18015823359600 
 18015823381545 
 18017276905980 
 18017276926011 
 18018741038859 
 18018741073542 
 18020194960614 
 18020194982427 
 18021657889785 
 18021657909585 
 18023113831965 
 18023113854042 
 18024576880266 
 18024576898350 
 18026030950851 
 18026030972631 
 18027495458808 
 18027495480489 
 18028948891239 
 18028948911435 
 18030412151928 
 18030412173972 
 18031865552778 
 18031865575416 
 18033330034698 
 18033330053937 
 18034783756506 
 18034783777527 
 18036246463389 
 18036246483024 
 18037700685807 
 18037700706102 
 18039164219175 
 18039164251053 
 18040617866766 
 18040617893133 
 18042082033734 
 18042082053831 
 18043535370399 
 18043535409306 
 18044997834402 
 18044997859053 
 18046452952308 
 18046452987057 
 18047915620185 
 18047915639094 
 18049369820394 
 18049369859334 
 18050833001058 
 18050833021221 
 18052287290796 
 18052287312873 
 18053749621644 
 18053749643127 
 18055204761000 
 18055204781955 
 18056667013242 
 18056667032679 
 18058121525631 
 18058121545398 
 18059583520011 
 18059583563076 
 18061039097112 
 18061039118661 
 18062501684898 
 18062501705820 
 18063955555107 
 18063955573356 
 18065419710426 
 18065419733856 
 18066874369401 
 18066874396890 
 18068336790669 
 18068336815188 
 18069792215178 
 18069792235671 
 18071254196556 
 18071254221834 
 18072708595062 
 18072708614730 
 18074172149022 
 18074172171330 
 18075626034543 
 18075626053683 
 18077089596258 
 18077089615761 
 18078544279983 
 18078544301235 
 18080008268916 
 18080008296537 
 18081462188955 
 18081462209481 
 18082927072584 
 18082927095519 
 18084380919594 
 18084380939526 
 18085844504310 
 18085844525595 
 18087299489193 
 18087299510313 
 18088762277124 
 18088762295373 
 18090218141193 
 18090218178549 
 18091681710597 
 18091681733136 
 18093136536618 
 18093136556220 
 18094600659036 
 18094600678110 
 18096054797469 
 18096054818457 
 18097519617672 
 18097519637175 
 18098973526656 
 18098973545928 
 18100436832984 
 18100436858295 
 18101892564888 
 18101892590265 
 18103355492145 
 18103355517291 
 18104813297142 
 18104813333838 
 18106275568392 
 18106275591195 
 18107730969438 
 18107730995310 
 18109195215573 
 18109195240587 
 18110650885371 
 18110650904940 
 18112113862425 
 18112113883611 
 18113569537536 
 18113569558920 
 18115032533565 
 18115032555048 
 18116486978337 
 18116486999688 
 18117950920146 
 18117950942916 
 18119406380823 
 18119406401745 
 18120872441562 
 18120872461461 
 18122325707277 
 18122325729123 
 18123789838341 
 18123789860583 
 18125245752636 
 18125245776330 
 18126708877629 
 18126708898980 
 18128163804597 
 18128163826344 
 18129627658461 
 18129627681627 
 18131082183753 
 18131082202695 
 18132547184895 
 18132547204134 
 18134001247527 
 18134001268251 
 18135465741096 
 18135465760401 
 18136920267609 
 18136920286749 
 18138385405536 
 18138385424841 
 18139839336168 
 18139839357189 
 18141302095554 
 18141302113440 
 18142757653515 
 18142757674140 
 18144220174938 
 18144220194540 
 18145674823881 
 18145674857178 
 18147138087837 
 18147138109815 
 18148593949893 
 18148593989493 
 18150056594934 
 18150056613876 
 18151510832631 
 18151510852398 
 18152974689267 
 18152974711278 
 18154429435065 
 18154429456218 
 18155893443501 
 18155893464852 
 18157348085283 
 18157348106106 
 18158811954129 
 18158811976305 
 18160265862849 
 18160266012108 
 18161731568376 
 18161731590057 
 18163185390075 
 18163185408918 
 18164648951757 
 18164648972646 
 18166103269809 
 18166103288487 
 18167566949070 
 18167566968540 
 18169024882668 
 18169024901940 
 18170487662349 
 18170487682116 
 18171942059865 
 18171942079995 
 18173405837796 
 18173405855649 
 18174860959002 
 18174860979693 
 18176323564476 
 18176323589160 
 18177779487747 
 18177779507217 
 18179242484469 
 18179242505226 
 18180696705006 
 18180696726126 
 18182161490790 
 18182161512339 
 18183615553917 
 18183615583815 
 18185079574464 
 18185079592812 
 18186532666104 
 18186532686300 
 18187996199241 
 18187996220097 
 18189450475581 
 18189450520659 
 18190913610210 
 18190913629614 
 18192367979808 
 18192367998453 
 18193831918416 
 18193831937952 
 18195286203501 
 18195286226667 
 18196749690867 
 18196749711393 
 18198204180618 
 18198204201771 
 18199667542122 
 18199667563209 
 18201121981119 
 18201122003592 
 18202585446078 
 18202585465845 
 18204039980148 
 18204039999915 
 18205503810021 
 18205503829326 
 18206957589117 
 18206957608686 
 18208420912605 
 18208420931580 
 18209875610454 
 18209875791921 
 18211338256122 
 18211338278991 
 18212793523980 
 18212793560742 
 18214256750877 
 18214256770347 
 18215711160537 
 18215711181921 
 18217174385223 
 18217174403208 
 18218628213819 
 18218628235137 
 18220093416195 
 18220093436589 
 18221547911127 
 18221547931422 
 18223011664209 
 18223011687111 
 18224466075057 
 18224466096342 
 18225929605191 
 18225929624133 
 18227382799065 
 18227382817017 
 18228847414041 
 18228847746615 
 18230300983620 
 18230301005334 
 18231763294866 
 18231763313181 
 18233218503258 
 18233218524213 
 18234681177768 
 18234681204102 
 18236134617789 
 18236134636665 
 18237599332689 
 18237599353314 
 18239052788451 
 18239052808548 
 18240517160547 
 18240517178796 
 18241971777150 
 18241971797445 
 18243435456675 
 18243435475518 
 18244890870822 
 18244890955137 
 18246353654496 
 18246353697561 
 18247807966674 
 18247807985913 
 18249271316892 
 18249271335405 
 18250725505683 
 18250725524163 
 18252189303117 
 18252189323742 
 18253644234870 
 18253644254373 
 18255106897797 
 18255106918158 
 18256562820507 
 18256562840505 
 18258025686252 
 18258025710474 
 18259481151087 
 18259481178906 
 18260943757947 
 18260943780618 
 18262397603835 
 18262397622513 
 18263860768824 
 18263860790835 
 18265316255010 
 18265316276625 
 18266779157286 
 18266779179726 
 18268235063892 
 18268235084550 
 18269698103646 
 18269698126779 
 18271152804564 
 18271152825948 
 18272615831646 
 18272615854251 
 18274071601797 
 18274071622455 
 18275534205522 
 18275534224893 
 18276988274028 
 18276988291221 
 18278451552141 
 18278451571710 
 18279906088983 
 18279906246426 
 18281369569683 
 18281369590473 
 18282825277992 
 18282825299937 
 18284287931514 
 18284287956165 
 18285742113210 
 18285742137003 
 18287205542694 
 18287205561174 
 18288661269615 
 18288661289415 
 18290123728371 
 18290123747577 
 18291579213633 
 18291579233796 
 18293042466633 
 18293042490822 
 18294496355388 
 18294496376937 
 18295960152492 
 18295960174305 
 18297413556642 
 18297413575650 
 18298878747303 
 18298878768456 
 18300332373378 
 18300332396544 
 18301795292088 
 18301795329972 
 18303250909548 
 18303250929051 
 18304713749124 
 18304713771135 
 18306167838519 
 18306167865051 
 18307633181574 
 18307633200351 
 18309087083760 
 18309087104682 
 18310549437807 
 18310549456848 
 18312005773215 
 18312005795886 
 18313468201578 
 18313468224711 
 18314921759112 
 18314921781090 
 18316385643369 
 18316385681319 
 18317840368047 
 18317840388969 
 18319303653090 
 18319303679325 
 18320758393641 
 18320758416114 
 18322221786528 
 18322221807780 
 18323676667461 
 18323676694059 
 18325139685501 
 18325139706588 
 18326594424138 
 18326594443773 
 18328057632621 
 18328057651299 
 18329512842168 
 18329512883319 
 18330976679862 
 18330976702104 
 18332430414045 
 18332430434274 
 18333893782248 
 18333893804127 
 18335347507059 
 18335347526166 
 18336812116854 
 18336812138436 
 18338266620069 
 18338266638681 
 18339729541155 
 18339729560130 
 18341182801887 
 18341182821918 
 18342646079142 
 18342646100130 
 18344100105276 
 18344100127947 
 18345562210998 
 18345562232580 
 18347017390515 
 18347017412394 
 18348479047140 
 18348479067402 
 18349933537947 
 18349933557846 
 18351396693498 
 18351396715080 
 18352851013200 
 18352851033858 
 18354314588676 
 18354314609070 
 18355768644840 
 18355768667148 
 18357231804153 
 18357231824943 
 18358685990997 
 18358686011424 
 18360149752461 
 18360149770578 
 18361603345569 
 18361603365501 
 18363066926094 
 18363066948270 
 18364521509070 
 18364521537978 
 18365985033924 
 18365985056133 
 18367439832456 
 18367439852652 
 18368903564715 
 18368903607120 
 18370358395059 
 18370358436144 
 18371823994359 
 18371824012509 
 18373277586048 
 18373277604726 
 18374741737935 
 18374741757438 
 18376196942136 
 18376196964147 
 18377660233713 
 18377660252589 
 18379115810220 
 18379115830647 
 18380578535319 
 18380578555680 
 18382033041702 
 18382033071798 
 18383497524249 
 18383497545171 
 18384953693997 
 18384953715711 
 18386417630559 
 18386417650920 
 18387871721868 
 18387871742790 
 18389336649750 
 18389336669715 
 18390792937869 
 18390792958032 
 18392255378541 
 18392255416887 
 18393709698903 
 18393709730253 
 18395173028595 
 18395173052586 
 18396627893952 
 18396627915534 
 18398091272550 
 18398091292515 
 18399546570273 
 18399546588687 
 18401010752619 
 18401010770934 
 18402464695164 
 18402464716977 
 18403931312085 
 18403931330466 
 18405385211928 
 18405385229979 
 18406846389690 
 18406846418037 
 18408301939137 
 18408301957353 
 18409765518606 
 18409765538274 
 18411219246123 
 18411219264273 
 18412686786648 
 18412686805887 
 18414140974152 
 18414140990850 
 18415605238932 
 18415605285726 
 18417057382779 
 18417057406044 
 18418526897199 
 18418526914755 
 18419982433809 
 18419982455688 
 18421442192901 
 18421442210985 
 18422899164252 
 18422899183755 
 18424361748276 
 18424361790285 
 18425814976833 
 18425815001352 
 18427279618539 
 18427279641045 
 18428733324804 
 18428733343911 
 18430196974101 
 18430196992911 
 18431651633043 
 18431651651853 
 18433114192383 
 18433114213272 
 18434567636199 
 18434567656395 
 18436036687992 
 18436036705680 
 18437488552428 
 18437488576353 
 18438953244624 
 18438953268450 
 18440406690684 
 18440406725103 
 18441870620382 
 18441870646089 
 18443325382350 
 18443325400665 
 18444787730754 
 18444787751346 
 18446242682043 
 18446242703493 
 18447705219339 
 18447705240789 
 18449160043644 
 18449160064467 
 18450625177974 
 18450625195398 
 18452077974396 
 18452077993833 
 18453541407180 
 18453541429455 
 18454996163142 
 18454996182249 
 18456458773797 
 18456458790165 
 18457912165044 
 18457912187979 
 18459376867866 
 18459376888227 
 18460829977062 
 18460829998314 
 18462293335893 
 18462293355330 
 18463748000709 
 18463748021862 
 18465210084321 
 18465210106002 
 18466665471045 
 18466665493782 
 18468127767639 
 18468127786713 
 18469581018570 
 18469581045894 
 18471045317208 
 18471045336579 
 18472498618728 
 18472498641927 
 18473961709665 
 18473961732435 
 18475416328545 
 18475416429723 
 18476878335003 
 18476878355298 
 18478332820695 
 18478332843036 
 18479795459235 
 18479795480718 
 18481253128470 
 18481253169588 
 18482714698734 
 18482714720646 
 18484169292732 
 18484169311608 
 18485632752411 
 18485632771122 
 18487087194213 
 18487087214310 
 18488549750979 
 18488549775201 
 18490004515323 
 18490004534892 
 18491469183264 
 18491469201216 
 18492921905139 
 18492921931374 
 18494385199191 
 18494385221235 
 18495839719632 
 18495839742138 
 18497302008636 
 18497302030317 
 18498757098888 
 18498757118952 
 18500218849035 
 18500218887447 
 18501672125112 
 18501672151908 
 18503139130443 
 18503139151134 
 18504592729722 
 18504592751238 
 18506057313447 
 18506057336745 
 18507511008030 
 18507511060731 
 18508975067451 
 18508975085271 
 18510429401475 
 18510429422628 
 18511892868381 
 18511893006882 
 18513346401594 
 18513346425288 
 18514811391120 
 18514811412273 
 18516265182492 
 18516265226118 
 18517727693949 
 18517727712858 
 18519183572439 
 18519183616362 
 18520645986678 
 18520646004729 
 18522100016805 
 18522100038453 
 18523562849550 
 18523562871462 
 18525017476548 
 18525017498493 
 18526480854321 
 18526480872273 
 18527935373739 
 18527935413009 
 18529397805534 
 18529397827248 
 18530853517044 
 18530853538857 
 18532315925640 
 18532315948608 
 18533770495383 
 18533770514061 
 18535233379971 
 18535233399276 
 18536687675154 
 18536687693535 
 18538152305343 
