 17077003608291 
 17077032547476 
 17077032560775 
 17078539127925 
 17078539158384 
 17080004729502 
 17080004752932 
 17081474968998 
 17081474989227 
 17082939429600 
 17082939467781 
 17084402369232 
 17084402388834 
 17085870580779 
 17085870598797 
 17087332416792 
 17087332455270 
 17088795772785 
 17088795792717 
 17090257997538 
 17090258016909 
 17091724818036 
 17091724836615 
 17093187888249 
 17093187917124 
 17094653450226 
 17094653471214 
 17096116347222 
 17096116374216 
 17097580649985 
 17097580667607 
 17099044924368 
 17099044943904 
 17100508600395 
 17100508618710 
 17101973062152 
 17101973083239 
 17103436830876 
 17103436848960 
 17104900827234 
 17104900847166 
 17106365228799 
 17106365247708 
 17107829254758 
 17107829295447 
 17109294241116 
 17109294260949 
 17110758220974 
 17110758242457 
 17112222367020 
 17112222385533 
 17113686608073 
 17113686627378 
 17115152153649 
 17115152193612 
 17116615582968 
 17116615727013 
 17118082149531 
 17118082169760 
 17119545373623 
 17119545392433 
 17121012469044 
 17121012490197 
 17122475586843 
 17122475607897 
 17123940023157 
 17123940041505 
 17125403655525 
 17125403678427 
 17126871128235 
 17126871150477 
 17128334463504 
 17128334482479 
 17129798964300 
 17129798982747 
 17131263669795 
 17131263716622 
 17132730100530 
 17132730122739 
 17134193981058 
 17134193997393 
 17135658823866 
 17135658847362 
 17137123175370 
 17137123193685 
 17138587753551 
 17138587774110 
 17140050705822 
 17140050723642 
 17141515451676 
 17141515469793 
 17142979930989 
 17142979953363 
 17144444825838 
 17144444854977 
 17145909701415 
 17145909725208 
 17147373724239 
 17147373744006 
 17148838015155 
 17148838034790 
 17150302194465 
 17150302213242 
 17151767678793 
 17151767698230 
 17153232568725 
 17153232590802 
 17154696297651 
 17154696326394 
 17156161584474 
 17156161635525 
 17157624872256 
 17157624898623 
 17159090510859 
 17159090533992 
 17160553368123 
 17160553387230 
 17162018180934 
 17162018202417 
 17163482316750 
 17163482336088 
 17164946430720 
 17164946450025 
 17166410162814 
 17166410185617 
 17167874121816 
 17167874142738 
 17169339143814 
 17169339162987 
 17170803958308 
 17170803991704 
 17172268881834 
 17172268902624 
 17173733125857 
 17173733143545 
 17175198142608 
 17175198163068 
 17176662730458 
 17176662751380 
 17178126807732 
 17178126843471 
 17179590987075 
 17179591005093 
 17181056250633 
 17181056273370 
 17182519674276 
 17182519695165 
 17183982365847 
 17183982411783 
 17185447141599 
 17185447162059 
 17186911082913 
 17186911119939 
 17188374700959 
 17188374721221 
 17189839516014 
 17189839535847 
 17191303373970 
 17191303395585 
 17192766551301 
 17192766569253 
 17194231750245 
 17194231770738 
 17195694860256 
 17195694879990 
 17197158980958 
 17197159002540 
 17198623788093 
 17198623824921 
 17200088617074 
 17200088636379 
 17201550715107 
 17201550760449 
 17203015875012 
 17203015903887 
 17204479994097 
 17204480014326 
 17205944423217 
 17205944443281 
 17207407674996 
 17207407693740 
 17208872741808 
 17208872762994 
 17210335934517 
 17210335953195 
 17211801661065 
 17211801682581 
 17213265465924 
 17213265486945 
 17214730550226 
 17214730568376 
 17216194535595 
 17216194557342 
 17217658596765 
 17217658621317 
 17219123425812 
 17219123457624 
 17220587202819 
 17220587226381 
 17222050695300 
 17222050720182 
 17223513658989 
 17223513680736 
 17224977364320 
 17224977382701 
 17226441616362 
 17226441639099 
 17227904246421 
 17227904273382 
 17229368618154 
 17229368633598 
 17230832349720 
 17230832370708 
 17232296095806 
 17232296118345 
 17233759833279 
 17233759854993 
 17235224549664 
 17235224569035 
 17236687850217 
 17236687869225 
 17238151403748 
 17238151428531 
 17239612443801 
 17239612460268 
 17241074627172 
 17241074739438 
 17244011067657 
 17244011083596 
 17244016514901 
 17244016521666 
 17245477272375 
 17245477288611 
 17246935125057 
 17246935142943 
 17248400875497 
 17248400911335 
 17249861619474 
 17249861637921 
 17251324947648 
 17251324968933 
 17252784618894 
 17252784638562 
 17254249164603 
 17254249182720 
 17255708373057 
 17255708393550 
 17257169261508 
 17257169307510 
 17258636375904 
 17258636394351 
 17260098763776 
 17260098782883 
 17261565485769 
 17261565502269 
 17264496452412 
 17264496464985 
 17264499596982 
 17264499603582 
 17265965497935 
 17265965515557 
 17267424905445 
 17267424925674 
 17268887987175 
 17268888006975 
 17270353472460 
 17270353491996 
 17271813589635 
 17271813607620 
 17273276413668 
 17273276433765 
 17274745232085 
 17274745253205 
 17276208267219 
 17276208286821 
 17277673311195 
 17277673333008 
 17279139165684 
 17279139202908 
 17280602032980 
 17280602052351 
 17282066488533 
 17282066507343 
 17283530297055 
 17283530318703 
 17284995601071 
 17284995619518 
 17286459232152 
 17286459250698 
 17287922159310 
 17287922180430 
 17289386301495 
 17289386324562 
 17290850209875 
 17290850228355 
 17292314950119 
 17292314972559 
 17293778067159 
 17293778090688 
 17295243280953 
 17295243311181 
 17296706475312 
 17296706494947 
 17298172624359 
 17298172652409 
 17299635146640 
 17299635166869 
 17301099595989 
 17301099615426 
 17302564156581 
 17302564180176 
 17304027824457 
 17304027852672 
 17305490988687 
 17305491010731 
 17306957565018 
 17306957587194 
 17308420347108 
 17308420365555 
 17309887045308 
 17309887065702 
 17311348991079 
 17311349148786 
 17312813569689 
 17312813590479 
 17314277915418 
 17314277935548 
 17315742420900 
 17315742440634 
 17317205334627 
 17317205355813 
 17318670663294 
 17318670681906 
 17320132308633 
 17320132331073 
 17321596323834 
 17321596345746 
 17323060915248 
 17323060935840 
 17324524433139 
 17324524466700 
 17325987936774 
 17325987956343 
 17327452639068 
 17327452663851 
 17328915264837 
 17328915286683 
 17330380187868 
 17330380208328 
 17331843161325 
 17331843181620 
 17333307775806 
 17333307800160 
 17334771790050 
 17334771810378 
 17336236711134 
 17336236749612 
 17337699536124 
 17337699554373 
 17339165271186 
 17339165290128 
 17340628327935 
 17340628347504 
 17342092270371 
 17342092289841 
 17343556085493 
 17343556111596 
 17345020643082 
 17345020684332 
 17346483389730 
 17346483412500 
 17347945952964 
 17347945974678 
 17349411660735 
 17349411680238 
 17350874963301 
 17350874985015 
 17352336989988 
 17352337011009 
 17353802198172 
 17353802217543 
 17355264645378 
 17355264669699 
 17356728078789 
 17356728099843 
 17358192639315 
 17358192677661 
 17359654854465 
 17359654870470 
 17361118589529 
 17361118609659 
 17362580772075 
 17362580796495 
 17364043685505 
 17364043707681 
 17365508074167 
 17365508096244 
 17366971685481 
 17366971719372 
 17368438203897 
 17368438229868 
 17369900448879 
 17369900468844 
 17371365237600 
 17371365258291 
 17372828110770 
 17372828128887 
 17374293535269 
 17374293581139 
 17375757112989 
 17375757147936 
 17377222129641 
 17377222150332 
 17378685816393 
 17378685836094 
 17380149070779 
 17380149096123 
 17381612807064 
 17381612827920 
 17383076414319 
 17383076436792 
 17384539223700 
 17384539259241 
 17386004621700 
 17386004642358 
 17387467148535 
 17387467167147 
 17388931755261 
 17388931775358 
 17390394403239 
 17390394422610 
 17391859331055 
 17391859349898 
 17393322931083 
 17393322973422 
 17394787859460 
 17394787883814 
 17396251219116 
 17396251241721 
 17397715703940 
 17397715727172 
 17399179654659 
 17399179676142 
 17400643525617 
 17400643546275 
 17402108734956 
 17402108770365 
 17403571104744 
 17403571123884 
 17405036195745 
 17405036218383 
 17406500016741 
 17406500035914 
 17407965184995 
 17407965222945 
 17409429299064 
 17409429318930 
 17410893086136 
 17410893124680 
 17412358743912 
 17412358764636 
 17413823036247 
 17413823056278 
 17415287753820 
 17415287789559 
 17416750405692 
 17416750426383 
 17418217084092 
 17418217109733 
 17419681205355 
 17419681226673 
 17421145045128 
 17421145064466 
 17422607784747 
 17422607822202 
 17424072632010 
 17424072653988 
 17425536375126 
 17425536393738 
 17427001370460 
 17427001390821 
 17428463990223 
 17428464120342 
 17429930393667 
 17429930434785 
 17431393055538 
 17431393077120 
 17432857995531 
 17432858015331 
 17434321767588 
 17434321787421 
 17435787083418 
 17435787105726 
 17437249857093 
 17437249877619 
 17438716504572 
 17438716524768 
 17440179660552 
 17440179703617 
 17441645053965 
 17441645072478 
 17443108636305 
 17443108654884 
 17444575048791 
 17444575070406 
 17446037611497 
 17446037630307 
 17447502047943 
 17447502066951 
 17448966597018 
 17448966796140 
 17450432318088 
 17450432337261 
 17451895603692 
 17451895624977 
 17453361896718 
 17453361914967 
 17454825384381 
 17454825404280 
 17456291244546 
 17456291262564 
 17457759861795 
 17457759879417 
 17459225792019 
 17459225809047 
 17460688468476 
 17460688487220 
 17462154013557 
 17462154035073 
 17463617141421 
 17463617164191 
 17465084047092 
 17465084066529 
 17466548602008 
 17466548623260 
 17468013350535 
 17468013371985 
 17469478870074 
 17469478892019 
 17470942904712 
 17470942923786 
 17472406919517 
 17472406939746 
 17473871511162 
 17473871538057 
 17475335934309 
 17475335956584 
 17476800700689 
 17476800722139 
 17478265109910 
 17478265129512 
 17479730096499 
 17479730114154 
 17481193588881 
 17481193607427 
 17482659960183 
 17482659996219 
 17484124120089 
 17484124140813 
 17485589626989 
 17485589647746 
 17487053259192 
 17487053295294 
 17488518040983 
 17488518059298 
 17489983993515 
 17489984029815 
 17491449226218 
 17491449248229 
 17492914223235 
 17492914247259 
 17494380025485 
 17494380067428 
 17495844859911 
 17495844900699 
 17497310411295 
 17497310429280 
 17498775040065 
 17498775061482 
 17500241218086 
 17500241254716 
 17501705242824 
 17501705262162 
 17503171656399 
 17503171676562 
 17504636590221 
 17504636612166 
 17506103093292 
 17506103138832 
 17507566458657 
 17507566481592 
 17509032560382 
 17509032581205 
 17510495664585 
 17510495684847 
 17511961012986 
 17511961051068 
 17513426829063 
 17513426847675 
 17514891362991 
 17514891382098 
 17516356344135 
 17516356363638 
 17517821960331 
 17517821982837 
 17519286287547 
 17519286319161 
 17520751807779 
 17520751828173 
 17522216015205 
 17522216034147 
 17523680991894 
 17523681015489 
 17525146677192 
 17525146695903 
 17526611167692 
 17526611207523 
 17528076075906 
 17528076096234 
 17529540531030 
 17529540549642 
 17531004325494 
 17531004348066 
 17532469567998 
 17532469588359 
 17533934760375 
 17533934778789 
 17535399820587 
 17535399843291 
 17536862982738 
 17536863004089 
 17538329495445 
 17538329531151 
 17539792755441 
 17539792777947 
 17541257289501 
 17541257312403 
 17542722758088 
 17542722779043 
 17544187498068 
 17544187520310 
 17545652460402 
 17545652479839 
 17547117201999 
 17547117225891 
 17548581233700 
 17548581255777 
 17550047994897 
 17550048015159 
 17551511813253 
 17551511834769 
 17552978334045 
 17552978354637 
 17554443324561 
 17554443343305 
 17555908145820 
 17555908169481 
 17557373727960 
 17557373748156 
 17558838075735 
 17558838094083 
 17560302652761 
 17560302670218 
 17561767477452 
 17561767499067 
 17563231942641 
 17563231961979 
 17564697986055 
 17564698005327 
 17566162773885 
 17566162794114 
 17567626224654 
 17567626248216 
 17569090874940 
 17569090896654 
 17570556218787 
 17570556258750 
 17572020703677 
 17572020740175 
 17573484753132 
 17573484793359 
 17574950336196 
 17574950380350 
 17576414429508 
 17576414449704 
 17577877336767 
 17577877354950 
 17579343623688 
 17579343662991 
 17580806843127 
 17580806861211 
 17582271728076 
 17582271747810 
 17583735184125 
 17583735206169 
 17585199817911 
 17585199839262 
 17586665242674 
 17586665262639 
 17588129770497 
 17588129792244 
 17589594597993 
 17589594634590 
 17591058512973 
 17591058552738 
 17592522944799 
 17592522967206 
 17593988414244 
 17593988432823 
 17595451393179 
 17595451413111 
 17596919061249 
 17596919079267 
 17598380284980 
 17598380306364 
 17599846904013 
 17599846926882 
 17601310361580 
 17601310381479 
 17602776137892 
 17602776155382 
 17604238848867 
 17604238870548 
 17605704466944 
 17605704499812 
 17607168185838 
 17607168206067 
 17608633930866 
 17608633964889 
 17610098800173 
 17610098821194 
 17611565435607 
 17611565454483 
 17613029142951 
 17613029162190 
 17614493919363 
 17614493940120 
 17615958829293 
 17615958850248 
 17617424177067 
 17617424196471 
 17618887907577 
 17618887928367 
 17620353264261 
 17620353285975 
 17621819129376 
 17621819171517 
 17623284028449 
 17623284049470 
 17624748367611 
 17624748386289 
 17626214256420 
 17626214277639 
 17627679326433 
 17627679368970 
 17629145172837 
 17629145191383 
 17630609937105 
 17630609956740 
 17632075964415 
 17632075986030 
 17633540947638 
 17633540966580 
 17635006837536 
 17635006857369 
 17636471456406 
 17636471478747 
 17637936698514 
 17637936728577 
 17639400232542 
 17639400253497 
 17640865090926 
 17640865114257 
 17642330333892 
 17642330368938 
 17643794575440 
 17643794618670 
 17645258627172 
 17645258649579 
 17646723929043 
 17646723949503 
 17648187267282 
 17648187290382 
 17649653168367 
 17649653188464 
 17651116385760 
 17651116415757 
 17652580514943 
 17652580542399 
 17654045564430 
 17654045584593 
 17655509600256 
 17655509621046 
 17656972585758 
 17656972605030 
 17658438707184 
 17658438727611 
 17659900646454 
 17659900669026 
 17661364767090 
 17661364787550 
 17662830046389 
 17662830085890 
 17664294588699 
 17664294610446 
 17665758716397 
 17665758746196 
 17667223765026 
 17667223791228 
 17668687787190 
 17668687815240 
 17670154799814 
 17670154817469 
 17671617829536 
 17671617874614 
 17673083706762 
 17673083734548 
 17674546397277 
 17674546423182 
 17676011491743 
 17676011531706 
 17677474483053 
 17677474504107 
 17678940793866 
 17678940819111 
 17680404105639 
 17680404137979 
 17681869553073 
 17681869574589 
 17683332715818 
 17683332735684 
 17684797230408 
 17684797251759 
 17686262476641 
 17686262494296 
 17687726879724 
 17687726900943 
 17689190209185 
 17689190245650 
 17690656824093 
 17690656854750 
 17692121687691 
 17692121709867 
 17693587366125 
 17693587388532 
 17695050643644 
 17695050664401 
 17696516303994 
 17696516324751 
 17697981179571 
 17697981224286 
 17699447082339 
 17699447103063 
 17700911425296 
 17700911443908 
 17702377316019 
 17702377341099 
 17703840326766 
 17703840351879 
 17705306688663 
 17705306725920 
 17706770636082 
 17706770655486 
 17708236893171 
 17708236913103 
 17709702194613 
 17709702240648 
 17711168441340 
 17711168463087 
 17712632404434 
 17712632428062 
 17714099399733 
 17714099417751 
 17715562553634 
 17715562574490 
 17717028417891 
 17717028438285 
 17718494234562 
 17718494276505 
 17719959241479 
 17719959262764 
 17721424930209 
 17721424950834 
 17722889454237 
 17722889473938 
 17724353586324 
 17724353610348 
 17725822502289 
 17725822520208 
 17727285643947 
 17727285669621 
 17728750524771 
 17728750547739 
 17730215260494 
 17730215280360 
 17731681638726 
 17731681668360 
 17733144957693 
 17733144979308 
 17734610680743 
 17734610710872 
 17736074655882 
 17736074674791 
 17737541387643 
 17737541408697 
 17739004847256 
 17739004865571 
 17740469890044 
 17740469910966 
 17741934471030 
 17741934496308 
 17743400197347 
 17743400236914 
 17744865095331 
 17744865115131 
 17746331210619 
 17746331230650 
 17747796251064 
 17747796271293 
 17749260863532 
 17749260881814 
 17750726815173 
 17750726835864 
 17752191610593 
 17752191629040 
 17753655941967 
 17753655983613 
 17755122290796 
 17755122311652 
 17756587017675 
 17756587036023 
 17758051340964 
 17758051360137 
 17759516987322 
 17759517006726 
 17760983283912 
 17760983305098 
 17762448426954 
 17762448455664 
 17763912353286 
 17763912373680 
 17765377327962 
 17765377348785 
 17766842213769 
 17766842233074 
 17768306355294 
 17768306380836 
 17769773078805 
 17769773099661 
 17771236707180 
 17771236729917 
 17772702525897 
 17772702547908 
 17774165994123 
 17774166013593 
 17775632928207 
 17775632968500 
 17777097038019 
 17777097058380 
 17778563582802 
 17778563604120 
 17780027939058 
 17780027958627 
 17781493220205 
 17781493340292 
 17782959420303 
 17782959442908 
 17784423337230 
 17784423357789 
 17785887784830 
 17785887807930 
 17787354817749 
 17787354847548 
 17788817957724 
 17788817974191 
 17790283326288 
 17790283352325 
 17791749002478 
 17791749023763 
 17793213695466 
 17793213720117 
 17794678759671 
 17794678778382 
 17796145309866 
 17796145328973 
 17797608000183 
 17797608021072 
 17799073347066 
 17799073365777 
 17800538127603 
 17800538169348 
 17802001728093 
 17802001761621 
 17803468111407 
 17803468129260 
 17804931285042 
 17804931305337 
 17806395687993 
 17806395707496 
 17807861207070 
