 15635174895417 
 15635212622865 
 15635212636692 
 15636609375816 
 15636609399246 
 15637998802965 
 15637998829365 
 15639392683431 
 15639392708247 
 15640783945611 
 15640783967721 
 15642181185609 
 15642181205277 
 15643571179368 
 15643571230782 
 15644961251403 
 15644961291465 
 15646356284130 
 15646356306603 
 15647747855025 
 15647747881161 
 15649142843895 
 15649142866170 
 15650534556129 
 15650534579097 
 15651926682348 
 15651926705976 
 15653319607563 
 15653319628914 
 15654710249079 
 15654710271618 
 15656103407241 
 15656103430605 
 15657492530757 
 15657492558477 
 15658883439837 
 15658883472144 
 15660272215632 
 15660272253186 
 15661662720792 
 15661662744321 
 15663056217699 
 15663056253042 
 15664448007714 
 15664448033454 
 15665840119578 
 15665840144196 
 15667231901541 
 15667231924839 
 15668624025714 
 15668624048649 
 15670017064614 
 15670017092136 
 15671410291185 
 15671410329894 
 15672802577223 
 15672802602336 
 15674195250186 
 15674195272923 
 15675587526324 
 15675587550909 
 15676980588126 
 15676980609807 
 15678370634949 
 15678370657752 
 15679762169247 
 15679762191984 
 15681152548512 
 15681152569434 
 15682540816536 
 15682540843827 
 15683932471878 
 15683932493757 
 15685324052475 
 15685324074519 
 15686717365374 
 15686717389299 
 15688110592110 
 15688110901650 
 15689502369354 
 15689502404136 
 15690895245564 
 15690895269324 
 15692289502329 
 15692289525462 
 15693680797278 
 15693680823876 
 15695073531027 
 15695073840864 
 15696465187260 
 15696465210360 
 15697853685525 
 15697853707668 
 15699244285989 
 15699244311993 
 15700636291494 
 15700636313967 
 15702028938849 
 15702028961784 
 15703421452092 
 15703421473740 
 15704814182046 
 15704814204354 
 15706208113266 
 15706208134650 
 15707600306178 
 15707600328783 
 15708993210273 
 15708993233373 
 15710386362363 
 15710386384968 
 15711777625665 
 15711777656454 
 15713170325391 
 15713170351230 
 15714562829427 
 15714562852362 
 15715956035373 
 15715956060981 
 15717348005535 
 15717348029625 
 15718742343282 
 15718742365029 
 15720132243255 
 15720132266223 
 15721525186851 
 15721525321590 
 15722917421343 
 15722917460514 
 15724309860501 
 15724309883040 
 15725702952993 
 15725702975367 
 15727095914409 
 15727095939720 
 15728489458968 
 15728489480055 
 15729882602841 
 15729882624456 
 15731276111430 
 15731276139249 
 15732669254709 
 15732669280812 
 15734061041292 
 15734061064557 
 15735454086429 
 15735454109496 
 15736846771437 
 15736846796121 
 15738240932403 
 15738240958440 
 15739632361233 
 15739632383706 
 15741023667402 
 15741023689974 
 15742415924004 
 15742415946246 
 15743808188757 
 15743808212550 
 15745201715661 
 15745201738563 
 15746595113997 
 15746595136932 
 15747988061421 
 15747988083927 
 15749380924926 
 15749380948059 
 15750773949801 
 15750773987388 
 15752168184324 
 15752168208942 
 15753560376246 
 15753560398323 
 15754953666276 
 15754953690069 
 15756345649605 
 15756345670560 
 15757740317385 
 15757740350187 
 15759133653714 
 15759133677474 
 15760526765082 
 15760526791449 
 15761916282684 
 15761916307005 
 15763309329735 
 15763309443090 
 15764701510569 
 15764701532679 
 15766095652692 
 15766095676254 
 15767487571770 
 15767487595035 
 15768881191965 
 15768881214108 
 15770273567895 
 15770273591127 
 15771666540300 
 15771666565776 
 15773058025560 
 15773058049254 
 15774451616946 
 15774451648164 
 15775844177709 
 15775844201205 
 15777236033988 
 15777236070288 
 15778627142157 
 15778627165818 
 15780020975829 
 15780021000282 
 15781412694960 
 15781412717664 
 15782802848274 
 15782802871902 
 15784195656207 
 15784195678482 
 15785589386820 
 15785589409590 
 15786980928840 
 15786980953425 
 15788373573522 
 15788373598767 
 15789766239060 
 15789766261335 
 15791159712537 
 15791159738343 
 15792551606106 
 15792551629800 
 15793944907587 
 15793944931710 
 15795336987507 
 15795337013973 
 15796729978524 
 15796730000403 
 15798122685576 
 15798122710986 
 15799516037415 
 15799516061010 
 15800909218446 
 15800909241381 
 15802302485013 
 15802302507948 
 15803695177149 
 15803695199985 
 15805085136489 
 15805085162361 
 15806478978147 
 15806479001511 
 15807872242338 
 15807872270586 
 15809263837092 
 15809263858971 
 15810658538070 
 15810658575723 
 15812052948153 
 15812052971847 
 15813446136906 
 15813446160138 
 15814838913192 
 15814838936490 
 15816233017431 
 15816233043666 
 15817625091939 
 15817625114742 
 15819018928482 
 15819018952209 
 15820412047242 
 15820412071992 
 15821805089739 
 15821805111816 
 15823197621000 
 15823197642615 
 15824591807673 
 15824591830773 
 15825983692563 
 15825983714343 
 15827377162806 
 15827377184883 
 15828769071753 
 15828769096173 
 15830162190975 
 15830162216022 
 15831554855919 
 15831554886543 
 15832946748828 
 15832946770839 
 15834339524784 
 15834339547125 
 15835732650243 
 15835732672188 
 15837124428807 
 15837124451214 
 15838514246643 
 15838514269974 
 15839905044414 
 15839905068108 
 15841297514229 
 15841297536636 
 15842689496139 
 15842689519074 
 15844082652585 
 15844082675817 
 15845475675612 
 15845475698910 
 15846869869380 
 15846869894361 
 15848262082686 
 15848262104070 
 15849654769014 
 15849654793005 
 15851043433599 
 15851043457953 
 15852436067094 
 15852436089600 
 15853828588092 
 15853828620300 
 15855221342136 
 15855221365005 
 15856613433012 
 15856613479344 
 15858006348492 
 15858006372054 
 15859395544905 
 15859395569688 
 15860787538431 
 15860787561795 
 15862179847503 
 15862179870042 
 15863572065363 
 15863572088760 
 15864964909926 
 15864964936194 
 15866357990835 
 15866358013539 
 15867750116460 
 15867750139296 
 15869143319469 
 15869143659237 
 15870536368170 
 15870536390709 
 15871928527983 
 15871928553558 
 15873320687070 
 15873320708784 
 15874716311784 
 15874716335379 
 15876108245613 
 15876108268020 
 15877501822677 
 15877501845249 
 15878894105844 
 15878894132013 
 15880285668786 
 15880285689939 
 15881674796031 
 15881674819923 
 15883066399728 
 15883066422300 
 15884459508885 
 15884459555877 
 15885851866830 
 15885851890260 
 15887243918535 
 15887243941107 
 15888635847843 
 15888635879358 
 15890029416261 
 15890029441671 
 15891420307884 
 15891420330555 
 15892812399123 
 15892812420969 
 15894205350375 
 15894205373607 
 15895594310970 
 15895594334664 
 15896986336836 
 15896986364160 
 15898379667522 
 15898379690754 
 15899769371673 
 15899769393156 
 15901160986821 
 15901161010680 
 15902554878804 
 15902554900881 
 15903946599684 
 15903946646049 
 15905338666074 
 15905338688976 
 15906730586505 
 15906730609308 
 15908123210496 
 15908123235213 
 15909515807262 
 15909515829339 
 15910908234243 
 15910908258267 
 15912301077321 
 15912301105899 
 15913693894758 
 15913693918782 
 15915086267685 
 15915086289993 
 15916479217782 
 15916479244083 
 15917872231470 
 15917872252623 
 15919265182656 
 15919265228031 
 15920657535651 
 15920657559675 
 15922051598937 
 15922051620222 
 15923443882533 
 15923443909560 
 15924836891601 
 15924836915724 
 15926226841536 
 15926226868926 
 15927619507470 
 15927619530372 
 15929012801427 
 15929012824098 
 15930405936456 
 15930405959886 
 15931799293476 
 15931799317764 
 15933191140020 
 15933191163681 
 15934583807472 
 15934583831133 
 15935978156406 
 15935978185545 
 15937371391590 
 15937371414756 
 15938764140189 
 15938764163883 
 15940157287230 
 15940157323695 
 15941550120045 
 15941550142518 
 15942944940681 
 15942944963517 
 15944336472339 
 15944336494218 
 15945729181701 
 15945729205527 
 15947122595448 
 15947122622706 
 15948515934912 
 15948515957517 
 15949908295233 
 15949908317343 
 15951301001295 
 15951301022943 
 15952693730160 
 15952693753590 
 15954087848424 
 15954087870501 
 15955477965867 
 15955477988637 
 15956870178546 
 15956870202537 
 15958263340536 
 15958263362877 
 15959656016997 
 15959656039602 
 15961048425630 
 15961048447608 
 15962440507299 
 15962440530432 
 15963832850757 
 15963832873791 
 15965225395779 
 15965225419770 
 15966618283044 
 15966618307101 
 15968009647722 
 15968009698179 
 15969403852545 
 15969404463276 
 15970795088721 
 15970795111491 
 15972187666743 
 15972187689117 
 15973577921928 
 15973577955225 
 15974969900175 
 15974969922681 
 15976361524794 
 15976361546838 
 15977753448228 
 15977753470371 
 15979146680640 
 15979146705258 
 15980538483195 
 15980538506427 
 15981930664227 
 15981930688680 
 15983323737447 
 15983323778136 
 15984716210991 
 15984716234553 
 15986109074100 
 15986109097530 
 15987500985489 
 15987501007632 
 15988895162955 
 15988895186088 
 15990285866412 
 15990285905880 
 15991678671210 
 15991678694343 
 15993072124656 
 15993072147822 
 15994462222431 
 15994462244904 
 15995854902720 
 15995854926843 
 15997248111537 
 15997248154305 
 15998639992170 
 15998640015138 
 16000031785947 
 16000031808024 
 16001424325854 
 16001424347898 
 16002817055907 
 16002817082571 
 16004209259049 
 16004209282380 
 16005602478855 
 16005602502021 
 16006994162181 
 16006994185545 
 16008388864479 
 16008388886259 
 16009780793292 
 16009780816326 
 16011174297294 
 16011174319074 
 16012566944616 
 16012566967221 
 16013960574216 
 16013960597118 
 16015349967969 
 16015349992917 
 16016743490220 
 16016743516488 
 16018135132230 
 16018135155330 
 16019527672269 
 16019527695501 
 16020920953290 
 16020920975598 
 16022314485408 
 16022314517781 
 16023705536256 
 16023705574140 
 16025099215917 
 16025099240007 
 16026491372727 
 16026491398269 
 16027885542273 
 16027885586757 
 16029277969089 
 16029277991925 
 16030671174837 
 16030671196485 
 16032064119984 
 16032064149552 
 16033456246797 
 16033456272867 
 16034849222205 
 16034849245437 
 16036238488446 
 16036238516034 
 16037631030366 
 16037631056073 
 16039024375242 
 16039024397286 
 16040416928580 
 16040416951383 
 16041809871978 
 16041809895540 
 16043201366445 
 16043201389512 
 16044595720197 
 16044595743099 
 16045987308450 
 16045987333134 
 16047380592903 
 16047380617917 
 16048774090437 
 16048774112349 
 16050167042283 
 16050167063436 
 16051559874834 
 16051559903214 
 16052952903108 
 16052952926835 
 16054345249305 
 16054345272834 
 16055738565636 
 16055738588934 
 16057131164613 
 16057131188274 
 16058524040394 
 16058524066629 
 16059913991451 
 16059914014155 
 16061306904885 
 16061306928942 
 16062699606822 
 16062699628734 
 16064093596947 
 16064093619156 
 16065486345150 
 16065486368184 
 16066881229839 
 16066881252840 
 16068273761925 
 16068273784662 
 16069666936785 
 16069666959786 
 16071060003636 
 16071060044457 
 16072453610004 
 16072453632609 
 16073846256699 
 16073846277918 
 16075239420768 
 16075239446640 
 16076632587477 
 16076632614504 
 16078025787252 
 16078025809824 
 16079415319704 
 16079415344751 
 16080809082327 
 16080809104602 
 16082200830531 
 16082201054073 
 16083593339484 
 16083593367699 
 16084985990700 
 16084986014757 
 16086379877139 
 16086379899249 
 16087772312898 
 16087772337978 
 16089165331998 
 16089165358266 
 16090557542895 
 16090557567447 
 16091950479627 
 16091950510680 
 16093342993596 
 16093343018082 
 16094733875253 
 16094733910134 
 16096124975271 
 16096124997084 
 16097518633482 
 16097518655988 
 16098910945920 
 16098910968591 
 16100301385707 
 16100301407322 
 16101693848889 
 16101693870900 
 16103088104433 
 16103088128061 
 16104480857223 
 16104480893589 
 16105874691225 
 16105874713566 
 16107266821206 
 16107266845461 
 16108660268580 
 16108660290327 
 16110052751859 
 16110052776345 
 16111446340671 
 16111446363540 
 16112839340730 
 16112839363896 
 16114232874663 
 16114232899479 
 16115625991938 
 16115626016358 
 16117019523033 
 16117019545935 
 16118412762045 
 16118412787191 
 16119802188237 
 16119802213218 
 16121193653004 
 16121193674883 
 16122587159283 
 16122587182713 
 16123979270355 
 16123979302002 
 16125372484254 
 16125372507387 
 16126765204407 
 16126765242555 
 16128158089725 
 16128158123187 
 16129550208123 
 16129550230068 
 16130944548345 
 16130944573194 
 16132336800558 
 16132336840323 
 16133729580144 
 16133729604399 
 16135121733753 
 16135121757381 
 16136514452091 
 16136514474234 
 16137907411494 
 16137907433604 
 16139299847715 
 16139299869495 
 16140691967862 
 16140691989609 
 16142085545883 
 16142085569181 
 16143477721173 
 16143477745725 
 16144872797724 
 16144872819834 
 16146265056405 
 16146265098579 
 16147658652444 
 16147658676204 
 16149050410548 
 16149050433648 
 16150443748824 
 16150443773244 
 16151835877683 
 16151835900420 
 16153228743531 
 16153228766169 
 16154620752072 
 16154620773522 
 16156011146352 
 16156011170376 
 16157403261549 
 16157403286200 
 16158797582862 
 16158797617017 
 16160190333507 
 16160190359115 
 16161584137512 
 16161584161173 
 16162976708505 
 16162976731110 
 16164369138489 
 16164369166110 
 16165762262001 
 16165762290480 
 16167155496921 
 16167155518338 
 16168547928324 
 16168547952843 
 16169941768365 
 16169941793049 
 16171334165811 
 16171334189835 
 16172728207416 
 16172728230549 
 16174121351982 
 16174121375643 
 16175511836220 
 16175511861201 
 16176903717249 
 16176903739194 
 16178298117135 
 16178298139608 
 16179690260052 
 16179690294900 
 16181083849953 
 16181083878135 
 16182477367320 
 16182477390387 
 16183871147961 
 16183871169873 
 16185263625135 
 16185263650215 
 16186658146230 
 16186658169198 
 16188051522885 
 16188051545259 
 16189445373123 
 16189445397543 
 16190838285072 
 16190838308634 
 16192231939059 
 16192231961862 
 16193624929251 
 16193624952417 
 16195018662372 
 16195018684746 
 16196412171324 
 16196412193764 
 16197801763737 
 16197801786309 
 16199194215666 
 16199194239492 
 16200587595456 
 16200587619150 
 16201980766620 
 16201980788862 
 16203374843667 
 16203374864589 
 16204766161485 
 16204766185278 
 16206159405249 
 16206159428052 
 16207552188894 
 16207552211037 
 16208944554396 
 16208944576935 
 16210336045959 
 16210336069983 
 16211728628337 
 16211728664736 
 16213120987800 
 16213121029182 
 16214514060426 
 16214514086661 
 16215906885090 
 16215906908487 
 16217300257884 
 16217300281083 
 16218689669094 
 16218689695956 
 16220082555666 
 16220082580515 
 16221477194142 
 16221477217110 
 16222868275053 
 16222868302047 
 16224260359692 
 16224260382132 
 16225653606096 
 16225653628338 
 16227046600281 
 16227046622457 
 16228435861407 
 16228435883946 
 16229827753491 
 16229827776162 
 16231221114801 
 16231221136977 
 16232613515448 
 16232613539340 
 16234006811781 
 16234006833132 
 16235399378583 
 16235399400396 
 16236792390984 
 16236792413787 
 16238185001016 
 16238185024116 
 16239579160464 
 16239579183564 
 16240971901077 
 16240971924540 
 16242364882887 
 16242364904502 
 16243752135897 
 16243752157710 
 16245144545157 
 16245144571128 
 16246537082622 
 16246537228647 
 16247929732980 
 16247929755453 
 16249323142206 
 16249323164976 
 16250716054980 
 16250716079895 
 16252109880963 
 16252109905812 
 16253502483504 
 16253502511785 
 16254895886361 
 16254895909461 
 16256288923050 
 16256288946513 
 16257679330728 
 16257679353465 
 16259072184828 
 16259072207301 
 16260465523995 
 16260465547029 
 16261858467393 
 16261858490658 
 16263252413925 
 16263252435672 
 16264643425734 
 16264643449989 
 16266036583335 
 16266036606732 
 16267430279001 
 16267430303355 
 16268823568338 
 16268823591207 
 16270216628292 
 16270216651722 
 16271609346762 
 16271609373459 
 16273003192710 
 16273003231419 
 16274395136538 
 16274395163433 
 16275790061421 
 16275790085280 
 16277182537935 
 16277182570506 
 16278576654681 
 16278576679266 
 16279970707341 
 16279970731926 
 16281364131483 
 16281364156431 
 16282757496753 
 16282757520579 
 16284151833378 
 16284151857831 
 16285545267882 
 16285545304314 
 16286938128450 
 16286938148778 
 16288328390631 
 16288328412114 
 16289721235986 
 16289721262386 
 16291114710849 
 16291114732464 
 16292507985699 
 16292508008964 
 16293901115646 
 16293901138383 
 16295290417890 
 16295290454256 
 16296683853912 
 16296684343929 
 16298077456485 
 16298077486185 
 16299470883729 
 16299470924253 
 16300864057005 
 16300864078620 
 16302257812797 
 16302257836953 
 16303651345608 
 16303651368246 
 16305044629698 
 16305044772291 
 16306437054468 
 16306437076380 
 16307830483758 
 16307830506759 
 16309220768181 
 16309220804316 
 16310611858002 
 16310611881300 
 16312004681082 
 16312004704809 
 16313396891319 
 16313396910624 
 16314790094922 
 16314790118253 
 16316182745478 
 16316182770822 
 16317575545260 
 16317575568492 
 16318969452621 
 16318969478724 
 16320362123109 
 16320362145549 
 16321754041362 
 16321754063670 
 16323146888136 
 16323146909454 
 16324539570174 
 16324539593769 
 16325932246404 
 16325932268712 
 16327325654277 
 16327325702556 
 16328718425382 
 16328718451716 
 16330108369773 
